                                                                     
                                                                     
                                                                     
                                             
1
6
10
2
-0.0277704
-0.0359541
0.0105935
0.423007
-1.13178
-0.000372349
-0.0313786
-0.0365428
-0.0948354
0.0340005
1.16965
-5.26034
-0.0025032
0.0130038
0.0369691
0.0438094
-0.0125133
-0.526092
1.20129
0.00101484
0.0458796
-0.0163593
0.0769135
-0.0411051
-1.69515
7.39218
0.0208941
-0.141101
0.00427605
-0.0155686
0.00584085
0.00954953
-1.46568
0.00157755
0.0290287
-0.0181145
0.0745796
-0.039835
-1.59092
7.27209
0.0189385
-0.141852
-0.00417706
-0.05458
0.0205043
0.435461
-4.04232
0.000359212
0.0524713
0.0638241
-0.377858
0.379958
1.73961
-4.34491
0.524179
-0.611157
0.026313
0.0345278
-0.0102459
-0.408653
1.1046
0.000235734
0.0293836
0.112912
-0.0178493
0.032976
0.923233
-7.47139
0.00423835
0.29836
-0.0304877
0.0158173
0.0572389
-0.0181341
-0.0714627
0.0122699
-0.0696802
0.0381861
0.149125
-0.0153298
0.0580074
-0.0182213
-0.0259027
-0.138445
0.0262259
0.215362
-0.0399288
0.211647
-0.109278
-0.0254123
0.0254249
-0.236043
