1
6
10
2
0.0486911
-0.154256
0.0871495
0.21315
4.04003e-05
-0.190165
-0.0128505
-0.0185086
0.105327
-0.284148
0.373146
-0.411978
-0.367729
0.215852
0.0758169
-0.416969
0.412263
-0.138605
0.114643
-0.406488
0.112263
0.132409
-0.245254
0.0492432
-0.421667
0.29041
0.14574
0.349243
-0.142452
-0.278708
-0.486622
-0.313398
-0.197792
0.180008
0.0133784
-0.121726
0.326102
-0.242021
-0.300999
0.309648
0.412523
0.257979
-0.0280923
-0.185901
0.0992902
-0.363965
-0.289752
0.433231
-0.20071
0.0875211
-0.330279
0.36318
-0.0945506
0.195921
0.193543
-0.13682
-0.257885
0.0266001
-0.40449
-0.211194
0.0995634
-0.367218
-0.40449
-0.178608
0.237258
-0.132175
-0.191366
-0.49021
0.148523
-0.332175
-0.0193698
0.0110904
0.0717097
-0.0873066
0.0561644
-0.0354295
-0.11028
-0.0205639
0.0294127
-0.0252623
0.0201928
0.00509147
-0.0627402
-0.00353343
-0.019074
0.0354676
0.0586479
0.0936598
-0.0199141
-0.0620384
0.0717623
-0.206738
