1
6
6
2
0.0120888
0.0148196
0.0492068
0.19278
-0.234352
0.0894119
-0.0507932
-0.034108
0.135712
-0.285856
0.241285
-0.397135
-0.256578
0.214144
-0.0228118
-0.122066
0.178201
-0.10051
0.299858
-0.0929819
-0.121799
0.0346312
-0.108207
-0.133802
-0.477267
0.120314
0.226828
0.166198
0.0361877
-0.0891295
-0.266821
-0.553629
-0.580832
0.182483
0.233179
0.0383186
0.0146656
-0.269174
-0.390457
-0.228793
0.179639
0.230826
-0.00708436
-0.0305333
0.00589491
0.0583933
-0.0240241
-0.0559777
-0.0553143
0.00398698
-0.0112646
0.0268603
0.00745532
0.00225384
0.0493212
0.0163168
