1
6
10
2
0.0206854
0.013174
-0.0113056
0.389552
0.0133467
-0.114863
0.0266291
0.0046001
-0.00530823
-0.0225725
0.555242
-0.390705
-0.0296794
0.00691818
0.167533
0.188285
0.16701
-0.260897
0.1941
-0.666548
0.328269
0.0315996
0.0292523
0.0434983
-0.711354
0.309739
-0.141124
0.0496091
-0.114155
-0.0697446
-0.0550095
-0.351042
-0.266043
0.433419
-0.236231
0.0947087
0.136028
0.118541
-1.23062
0.291199
0.131309
0.663981
-0.0529643
-0.023121
-0.00446008
-0.479209
-0.335404
0.226388
-0.0921253
-0.0158368
-0.0121087
0.00107492
-0.0755999
0.193138
0.0879091
-0.0230697
0.0458345
0.0617703
-0.00904475
0.114551
0.149525
-0.288691
0.0635951
0.0579871
0.0671789
0.0287604
-0.475879
-0.444684
-0.318154
0.0924711
-0.010152
0.0278273
0.00488667
0.145314
0.0354067
-0.0934212
-0.125346
-0.0546877
-0.0193396
0.0645902
0.0675646
-0.00335679
0.0131
0.0161655
-0.00332822
-0.014283
-0.0117279
-0.143183
-0.0158443
-0.00540896
0.00971966
-0.00152981

