1
6
30
2
-0.102081
-0.0753979
0.0517764
0.217864
-0.00296533
-0.103648
0.0271295
-0.101488
0.0753957
-0.21485
0.40363
-0.462777
-0.19063
0.260677
-0.240261
-0.210478
0.27244
-0.172681
0.0899911
-0.322071
0.124696
0.162535
-0.181707
-0.00852107
-0.429122
0.369833
0.10894
0.321649
-0.00192038
-0.163219
-0.356087
-0.332637
-0.212213
0.275392
0.0320918
0.292872
0.202837
-0.27264
-0.341838
0.391755
0.235034
0.119157
0.147189
-0.123656
0.0562349
-0.454215
-0.315438
0.331142
-0.222876
0.137062
-0.244319
0.275146
-0.13596
0.198319
0.214543
-0.133203
-0.436552
-0.0199497
-0.220946
-0.131196
0.0479839
-0.154275
-0.3167
-0.04277
0.0582756
-0.0843534
-0.329183
-0.564777
0.15464
-0.336351
0.0178149
-0.0218584
0.0270304
-0.0902246
0.213349
0.0298472
-0.0186014
0.0224458
0.0614248
0.261906
-0.193092
0.249051
-0.116254
-0.0492755
-0.115948
-0.137526
0.0289905
-0.0878149
0.207038
-0.0203211
-0.049121
0.0332666
-0.120516
-0.357537
0.198103
0.332973
0.118223
0.314804
0.0838363
0.146447
-0.0726994
-0.235794
-0.455545
-0.174743
0.381798
-0.0520692
-0.212803
-0.333879
0.136117
0.319609
0.394664
-0.287755
-0.0734367
0.0625938
0.122749
-0.0827714
0.454192
0.0803427
-0.455103
0.0464121
-0.0499588
0.169913
0.196346
-0.431323
0.175181
-0.335925
-0.321254
0.152797
-0.100953
-0.261088
0.0956923
-0.165721
-0.363774
-0.00207026
0.045377
-0.295812
0.0161043
0.455713
-0.0939746
0.386258
-0.0188529
-0.2333
0.22856
-0.402704
0.242345
0.244828
-0.43254
0.0220531
-0.230597
-0.0184889
0.424355
0.21133
0.13974
0.0708315
0.015818
0.0958617
-0.0955406
0.0949677
-0.0091835
0.0957376
-0.163823
0.0110876
0.210124
-0.0516892
0.289049
-0.476384
-0.326384
0.420277
0.216732
-0.104451
0.227051
-0.553992
0.369292
0.209561
-0.0618921
-0.0656785
-0.53323
0.455359
0.154222
-0.300299
0.217775
-0.0923627
0.259296
0.00689607
-0.287222
-0.467339
0.030913
0.279946
0.256819
-0.128128
0.00499591
0.26344
-0.438371
-0.575931
-0.0492068
-0.389245
0.106053
-0.0683974
-0.109312
-0.128295
-0.0859806
0.172324
0.0705661
0.0731956
-0.163031
-0.299425
0.210305
-0.00896248
0.292891
0.0582913
0.0188321
0.0339362
0.0176175
-0.00301179
-0.0585506
-0.0620946
-0.0426158
-0.0854441
-0.0268129
0.0461742
-0.0593533
0.0025085
-0.00313961
0.0145551
0.0258242
-0.0782507
0.0496085
0.0487162
0.0019624
0.0284282
0.0185097
-0.0220733
0.0537299
0.0165222
-0.00891932
-0.0635331
0.0603553
-0.0925018
-0.0602411
-0.038157
0.00823759
-0.0237965
-0.010521
-0.0774523
0.00390606
0.0834134
-0.014866
0.0738842
-0.00201676
0.0444952
-0.0350649
-0.0638963
0.0297431
0.038624
0.0243744
0.0330343
-0.0412351
0.0216075
0.0404774
-0.0490014
-0.021321
0.0468549
0.0434032
0.0255559
-0.0113382
-0.0694001
0.0846807
-0.134941
0.0376355
-0.0595441
0.00693677
-0.00109678
