-0.170833 0.355 -0.0041625 0.004995 -0 0.355 -0.174996 0.359995 -0.00415834 0.00499 -0 0.359995 -0.179154 0.364985 -0.00415418 0.00498501 -0 0.364985 -0.183308 0.36997 -0.00415002 0.00498003 -0 0.36997 -0.187458 0.37495 -0.00414587 0.00497505 -0 0.37495 -0.191604 0.379925 -0.00414173 0.00497007 -0 0.379925 -0.195746 0.384895 -0.00413759 0.0049651 -0 0.384895 -0.199884 0.38986 -0.00413345 0.00496014 -0 0.38986 -0.204017 0.39482 -0.00412932 0.00495518 -0 0.39482 -0.208146 0.399776 -0.00412519 0.00495022 -0 0.399776 -0.212272 0.404726 -0.00412106 0.00494527 -0 0.404726 -0.216393 0.409671 -0.00411694 0.00494033 -0 0.409671 -0.22051 0.414611 -0.00411282 0.00493539 -0 0.414611 -0.224622 0.419547 -0.00410871 0.00493045 -0 0.419547 -0.228731 0.424477 -0.0041046 0.00492552 -0 0.424477 -0.232836 0.429403 -0.0041005 0.0049206 -0 0.429403 -0.236936 0.434323 -0.0040964 0.00491568 -0.334668 0.434323 -0 -0
-0.241033 0.439239 -0.0040923 0.00491076 -0.334668 0.439239 -0 -0
-0.245125 0.44415 -0.00408821 0.00490585 -0.334668 0.44415 -0 -0
-0.249213 0.449056 -0.00408412 0.00490094 -0.334668 0.449056 -0 -0
-0.253297 0.453957 -0.00408004 0.00489604 -0.334668 0.453957 -0 -0
-0.257377 0.458853 -0.00407596 0.00489115 -0.334668 0.458853 -0 -0
-0.261453 0.463744 -0.00407188 0.00488626 -0.334668 0.463744 -0 -0
-0.265525 0.46863 -0.00406781 0.00488137 -0.334668 0.46863 -0 -0
-0.269593 0.473511 -0.00406374 0.00487649 -0.334668 0.473511 -0 -0
-0.273657 0.478388 -0.00405968 0.00487161 -0.334668 0.478388 -0 -0
-0.277716 0.48326 -0.00405562 0.00486674 -0.334668 0.48326 -0 -0
-0.281772 0.478393 -0.00405156 -0.00486187 -0.334668 0.478393 -0 -0
-0.285823 0.473531 -0.00404751 -0.00485701 -0.334668 0.473531 -0 -0
-0.289871 0.468674 -0.00404346 -0.00485215 -0.334668 0.468674 -0 -0
-0.293914 0.463822 -0.00403942 -0.0048473 -0.334668 0.463822 -0 -0
-0.297954 0.458974 -0.00403538 -0.00484246 -0.334668 0.458974 -0 -0
-0.301989 0.454132 -0.00403134 -0.00483761 -0.334668 0.454132 -0 -0
-0.306021 0.449294 -0.00402731 -0.00483278 -0.334668 0.449294 -0 -0
-0.310048 0.444462 -0.00402329 -0.00482794 -0.334668 0.444462 -0 -0
-0.314071 0.439634 -0.00401926 -0.00482311 -0.334668 0.439634 -0 -0
-0.31809 0.434811 -0.00401524 -0.00481829 -0.334668 0.434811 -0 -0
-0.322106 0.429992 -0.00401123 -0.00481347 -0.334668 0.429992 -0 -0
-0.326117 0.425179 -0.00400722 -0.00480866 -0.334668 0.425179 -0 -0
-0.330124 0.42037 -0.00400321 -0.00480385 -0.334668 0.42037 -0 -0
-0.334127 0.415566 -0.00399921 -0.00479905 -0.334668 0.415566 -0 -0
-0.338127 0.410767 -0.00399521 -0.00479425 -0.334668 0.410767 -0 -0
-0.342122 0.405973 -0.00399121 -0.00478945 -0.334668 0.405973 -0 -0
-0.346113 0.401184 -0.00398722 -0.00478466 -0.334668 0.401184 -0 -0
-0.3501 0.396399 -0.00398323 -0.00477988 -0.334668 0.396399 -0 -0
-0.354083 0.391619 -0.00397925 -0.0047751 -0.334668 0.391619 -0 -0
-0.358063 0.386844 -0.00397527 -0.00477032 -0.334668 0.386844 -0 -0
-0.362038 0.382074 -0.0039713 -0.00476555 -0.334668 0.382074 -0 -0
-0.366009 0.377308 -0.00396732 -0.00476079 -0.334668 0.377308 -0 -0
-0.369977 0.372547 -0.00396336 -0.00475603 -0.334668 0.372547 -0 -0
-0.37394 0.367791 -0.00395939 -0.00475127 -0.334668 0.367791 -0 -0
-0.377899 0.36304 -0.00395543 -0.00474652 -0.334668 0.36304 -0 -0
-0.381855 0.358293 -0.00395148 -0.00474177 -0.334668 0.358293 -0 -0
-0.385806 0.353552 -0.00394753 -0.00473703 -0.334668 0.353552 -0 -0
-0.389754 0.348815 -0.00394358 -0.0047323 -0.334668 0.348815 -0 -0
-0.393697 0.344082 -0.00393964 -0.00472756 -0.334668 0.344082 -0 -0
-0.397637 0.339355 -0.0039357 -0.00472284 -0.334668 0.339355 -0 -0
-0.401573 0.334632 -0.00393176 -0.00471811 -0.334668 0.334632 -0 -0
-0.405504 0.329914 -0.00392783 -0.00471339 -0.334668 0.329914 -0 -0
-0.409432 0.3252 -0.0039239 -0.00470868 -0.334668 0.3252 -0 -0
-0.413356 0.320492 -0.00391998 -0.00470397 -0.334668 0.320492 -0 -0
-0.417276 0.315788 -0.00391606 -0.00469927 -0.334668 0.315788 -0 -0
-0.421192 0.311088 -0.00391214 -0.00469457 -0.334668 0.311088 -0 -0
-0.425104 0.306394 -0.00390823 -0.00468987 -0.334668 0.306394 -0 -0
-0.429013 0.301704 -0.00390432 -0.00468518 -0.334668 0.301704 -0 -0
-0.432917 0.297019 -0.00390042 -0.0046805 -0.334668 0.297019 -0 -0
-0.436817 0.292338 -0.00389652 -0.00467582 -0.334668 0.292338 -0 -0
-0.440714 0.287663 -0.00389262 -0.00467114 -0.334668 0.287663 -0 -0
-0.444606 0.282991 -0.00388873 -0.00466647 -0.334668 0.282991 -0 -0
-0.448495 0.278325 -0.00388484 -0.00466181 -0.334668 0.278325 -0 -0
-0.45238 0.273663 -0.00388095 -0.00465714 -0.334668 0.273663 -0 -0
-0.456261 0.269006 -0.00387707 -0.00465249 -0.334668 0.269006 -0 -0
-0.452384 0.264353 0.0038732 -0.00464783 -0.334668 0.264353 -0 -0
-0.448511 0.259706 0.00386932 -0.00464319 -0.334668 0.259706 -0 -0
-0.444641 0.255062 0.00386545 -0.00463854 -0.334668 0.255062 -0 -0
-0.440776 0.250424 0.00386159 -0.0046339 -0.334668 0.250424 0.0883566 -0.0390113
-0.436914 0.24579 0.00385773 -0.00462927 -0.246312 0.24579 -0 -0
-0.433057 0.241161 0.00385387 -0.00462464 -0.246312 0.241161 0.0189572 0.0197926
-0.429203 0.236536 0.00385001 -0.00462002 -0.227355 0.236536 -0 -0
-0.425353 0.231916 0.00384616 -0.0046154 -0.227355 0.231916 0.0181599 0.0379682
-0.421507 0.227301 0.00384232 -0.00461078 -0.209195 0.227301 -0 -0
-0.417664 0.22269 0.00383848 -0.00460617 -0.209195 0.22269 0.012782 0.0414231
-0.413826 0.218084 0.00383464 -0.00460156 -0.196413 0.218084 -0 -0
-0.409991 0.213482 0.0038308 -0.00459696 -0.196413 0.213482 0.0138729 0.036785
-0.40616 0.208885 0.00382697 -0.00459237 -0.18254 0.208885 -0 -0
-0.402333 0.204293 0.00382314 -0.00458777 -0.18254 0.204293 0.0222744 0.0319752
-0.39851 0.199705 0.00381932 -0.00458319 -0.160265 0.199705 -0 -0
-0.394691 0.195122 0.0038155 -0.0045786 -0.160265 0.195122 0.0435832 0.0314639
-0.390875 0.190543 0.00381169 -0.00457402 -0.116682 0.190543 -0 -0
-0.387064 0.185969 0.00380788 -0.00456945 -0.116682 0.185969 0.0157503 0.0255006
-0.383256 0.1814 0.00380407 -0.00456488 -0.100932 0.1814 -0 -0
-0.379452 0.176835 0.00380026 -0.00456032 -0.100932 0.176835 0.00458958 0.0194412
-0.375651 0.172275 0.00379646 -0.00455576 -0.0963423 0.172275 -0 -0
-0.371855 0.167719 0.00379267 -0.0045512 -0.0963423 0.167719 0.00141884 0.0148773
-0.368062 0.163168 0.00378887 -0.00454665 -0.0949235 0.163168 -0 -0
-0.364273 0.158621 0.00378508 -0.0045421 -0.0949235 0.158621 0.000719889 0.011335
-0.360488 0.154079 0.0037813 -0.00453756 -0.0942036 0.154079 -0 -0
-0.356707 0.149541 0.00377752 -0.00453302 -0.0942036 0.149541 0.000597508 0.00895621
-0.35293 0.145008 0.00377374 -0.00452849 -0.0936061 0.145008 -0 -0
-0.349156 0.14048 0.00376997 -0.00452396 -0.0936061 0.14048 -0 -0
-0.345386 0.135956 0.0037662 -0.00451944 -0.0936061 0.135956 -0 -0
-0.34162 0.131436 0.00376243 -0.00451492 -0.0936061 0.131436 -2.24352e-005 0.00555924
-0.337857 0.126921 0.00375867 -0.0045104 -0.0936285 0.126921 -0 -0
-0.334099 0.122411 0.00375491 -0.00450589 -0.0936285 0.122411 0.000812168 0.00556871
-0.330344 0.117905 0.00375116 -0.00450139 -0.0928164 0.117905 -0 -0
-0.326592 0.113404 0.0037474 -0.00449688 -0.0928164 0.113404 -0.000177728 0.00266206
-0.322845 0.108907 0.00374366 -0.00449239 -0.0929941 0.108907 -0 -0
-0.319101 0.104415 0.00373991 -0.0044879 -0.0929941 0.104415 -0.00161733 0.000341682
-0.315362 0.0999266 0.00373617 -0.00448341 -0.0946114 0.0999266 -0 -0
-0.311625 0.0954432 0.00373244 -0.00447892 -0.0946114 0.0954432 -0.00315741 -0.00171321
-0.307893 0.0909643 0.0037287 -0.00447445 -0.0977688 0.0909643 -0 -0
-0.304164 0.0864899 0.00372498 -0.00446997 -0.0977688 0.0864899 -0.00216636 -0.00261828
-0.300439 0.0820199 0.00372125 -0.0044655 -0.0999352 0.0820199 -0 -0
-0.296718 0.0775544 0.00371753 -0.00446104 -0.0999352 0.0775544 -0 -0
-0.293 0.0730934 0.00371381 -0.00445657 -0.0999352 0.0730934 -0 -0
-0.289287 0.0686368 0.0037101 -0.00445212 -0.0999352 0.0686368 -0 -0
-0.285577 0.0641847 0.00370639 -0.00444767 -0.0999352 0.0641847 -0 -0
-0.28187 0.059737 0.00370268 -0.00444322 -0.0999352 0.059737 -0 -0
-0.278167 0.0552938 0.00369898 -0.00443877 -0.0999352 0.0552938 -0 -0
-0.274468 0.050855 0.00369528 -0.00443434 -0.0999352 0.050855 -0 -0
-0.270773 0.0464207 0.00369158 -0.0044299 -0.0999352 0.0464207 -0 -0
-0.267082 0.0419908 0.00368789 -0.00442547 -0.0999352 0.0419908 -0 -0
-0.263394 0.0375653 0.00368421 -0.00442105 -0.0999352 0.0375653 -0 -0
-0.25971 0.0331443 0.00368052 -0.00441663 -0.0999352 0.0331443 -0 -0
-0.256029 0.0287276 0.00367684 -0.00441221 -0.0999352 0.0287276 -0 -0
-0.252352 0.0243154 0.00367316 -0.0044078 -0.0999352 0.0243154 -0 -0
-0.248679 0.0199076 0.00366949 -0.00440339 -0.0999352 0.0199076 -0 -0
-0.24501 0.0155042 0.00366582 -0.00439899 -0.0999352 0.0155042 -0 -0
-0.241344 0.0111053 0.00366216 -0.00439459 -0.0999352 0.0111053 -0 -0
-0.237682 0.00671067 0.00365849 -0.00439019 -0.0999352 0.00671067 -0 -0
-0.234023 0.00232048 0.00365483 -0.0043858 -0.0999352 0.00232048 -0 -0
-0.230368 -0.00206533 0.00365118 -0.00438142 -0.0999352 -0.00206533 -0 -0
-0.226717 -0.00644674 0.00364753 -0.00437703 -0.0999352 -0.00644674 -0 -0
-0.22307 -0.0108238 0.00364388 -0.00437266 -0.0999352 -0.0108238 -0 -0
-0.219426 -0.0151964 0.00364024 -0.00436828 -0.0999352 -0.0151964 -0 -0
-0.215785 -0.0195647 0.0036366 -0.00436392 -0.0999352 -0.0195647 -0 -0
-0.212149 -0.0239286 0.00363296 -0.00435955 -0.0999352 -0.0239286 -0 -0
-0.208516 -0.0282882 0.00362933 -0.00435519 -0.0999352 -0.0282882 -0.001658 -0.00224301
-0.204886 -0.0326434 0.0036257 -0.00435084 -0.101593 -0.0326434 -0 -0
-0.201261 -0.0369942 0.00362207 -0.00434649 -0.101593 -0.0369942 -0.00644873 -0.00299678
-0.197639 -0.0413407 0.00361845 -0.00434214 -0.108042 -0.0413407 -0 -0
-0.19402 -0.0456828 0.00361483 -0.0043378 -0.108042 -0.0456828 -0.00598776 -0.00301065
-0.190405 -0.0500206 0.00361122 -0.00433346 -0.11403 -0.0500206 -0 -0
-0.186794 -0.0543541 0.00360761 -0.00432913 -0.11403 -0.0543541 -0.00798253 -0.00509655
-0.183187 -0.0586832 0.003604 -0.0043248 -0.122012 -0.0586832 -0 -0
-0.179583 -0.063008 0.00360039 -0.00432047 -0.122012 -0.063008 -0.0175944 -0.0203854
-0.175982 -0.0673285 0.00359679 -0.00431615 -0.139607 -0.0673285 -0 -0
-0.172385 -0.0716447 0.0035932 -0.00431184 -0.139607 -0.0716447 -0 -0
-0.168792 -0.0759565 0.0035896 -0.00430752 -0.139607 -0.0759565 -0 -0
-0.165203 -0.080264 0.00358601 -0.00430322 -0.139607 -0.080264 -0 -0
-0.161617 -0.0845672 0.00358243 -0.00429891 -0.139607 -0.0845672 -0 -0
-0.158034 -0.0888661 0.00357885 -0.00429461 -0.139607 -0.0888661 -0 -0
-0.154455 -0.0931608 0.00357527 -0.00429032 -0.139607 -0.0931608 -0 -0
-0.15088 -0.0974511 0.00357169 -0.00428603 -0.139607 -0.0974511 -0 -0
-0.147308 -0.101737 0.00356812 -0.00428174 -0.139607 -0.101737 -0 -0
-0.14374 -0.106019 0.00356455 -0.00427746 -0.139607 -0.106019 -0 -0
-0.140176 -0.110296 0.00356099 -0.00427318 -0.139607 -0.110296 -0 -0
-0.136615 -0.114569 0.00355743 -0.00426891 -0.139607 -0.114569 -0 -0
-0.133057 -0.118838 0.00355387 -0.00426464 -0.139607 -0.118838 -0 -0
-0.129503 -0.123103 0.00355031 -0.00426038 -0.139607 -0.123103 -0 -0
-0.125953 -0.127363 0.00354676 -0.00425612 -0.139607 -0.127363 -0 -0
-0.122406 -0.13162 0.00354322 -0.00425186 -0.139607 -0.13162 -0 -0
-0.118863 -0.135871 0.00353967 -0.00424761 -0.139607 -0.135871 -0 -0
-0.115323 -0.140119 0.00353613 -0.00424336 -0.139607 -0.140119 -0 -0
-0.111787 -0.144362 0.0035326 -0.00423912 -0.139607 -0.144362 -0 -0
-0.108255 -0.148601 0.00352907 -0.00423488 -0.139607 -0.148601 -0 -0
-0.104726 -0.152836 0.00352554 -0.00423064 -0.139607 -0.152836 -0 -0
-0.1012 -0.157067 0.00352201 -0.00422641 -0.139607 -0.157067 -0 -0
-0.0976781 -0.161293 0.00351849 -0.00422219 -0.139607 -0.161293 -0 -0
-0.0941596 -0.165516 0.00351497 -0.00421797 -0.139607 -0.165516 -0 -0
-0.0906447 -0.169734 0.00351146 -0.00421375 -0.139607 -0.169734 -0 -0
-0.0871332 -0.173947 0.00350794 -0.00420953 -0.139607 -0.173947 -0 -0
-0.0836253 -0.178157 0.00350444 -0.00420532 -0.139607 -0.178157 -0 -0
-0.0801208 -0.182362 0.00350093 -0.00420112 -0.139607 -0.182362 -0 -0
-0.0766199 -0.186563 0.00349743 -0.00419692 -0.139607 -0.186563 -0 -0
-0.0731225 -0.19076 0.00349393 -0.00419272 -0.139607 -0.19076 -0 -0
-0.0696285 -0.194953 0.00349044 -0.00418853 -0.139607 -0.194953 -0 -0
-0.0661381 -0.199141 0.00348695 -0.00418434 -0.139607 -0.199141 -0 -0
-0.0626511 -0.203326 0.00348346 -0.00418016 -0.139607 -0.203326 -0 -0
-0.0591677 -0.207506 0.00347998 -0.00417597 -0.139607 -0.207506 -0 -0
-0.0556877 -0.211682 0.0034765 -0.0041718 -0.139607 -0.211682 -0 -0
-0.0522112 -0.215854 0.00347302 -0.00416763 -0.139607 -0.215854 -0 -0
-0.0487382 -0.220021 0.00346955 -0.00416346 -0.139607 -0.220021 -0 -0
-0.0452686 -0.224185 0.00346608 -0.0041593 -0.139607 -0.224185 -0 -0
-0.0418025 -0.228344 0.00346261 -0.00415514 -0.139607 -0.228344 -0 -0
-0.0383399 -0.232499 0.00345915 -0.00415098 -0.139607 -0.232499 -0 -0
-0.0348808 -0.23665 0.00345569 -0.00414683 -0.139607 -0.23665 -0 -0
-0.0314251 -0.240797 0.00345224 -0.00414268 -0.139607 -0.240797 -0 -0
-0.0279728 -0.24494 0.00344878 -0.00413854 -0.139607 -0.24494 -0 -0
-0.0245241 -0.249078 0.00344534 -0.0041344 -0.139607 -0.249078 -0 -0
-0.0210787 -0.253213 0.00344189 -0.00413027 -0.139607 -0.253213 -0 -0
-0.0176368 -0.257343 0.00343845 -0.00412614 -0.139607 -0.257343 -0 -0
-0.0141984 -0.261469 0.00343501 -0.00412201 -0.139607 -0.261469 -0 -0
-0.0107634 -0.265591 0.00343157 -0.00411789 -0.139607 -0.265591 -0 -0
-0.0073318 -0.269709 0.00342814 -0.00411377 -0.139607 -0.269709 -0 -0
-0.00390366 -0.273823 0.00342472 -0.00410966 -0.139607 -0.273823 -0 -0
-0.000478942 -0.277932 0.00342129 -0.00410555 -0.139607 -0.277932 -0 -0
0.00294235 -0.282038 0.00341787 -0.00410144 -0.139607 -0.282038 -0 -0
0.00636022 -0.286139 0.00341445 -0.00409734 -0.139607 -0.286139 -0 -0
0.00977467 -0.290237 0.00341104 -0.00409324 -0.139607 -0.290237 -0 -0
-0.244125 -0.1925 -0.0153596 0.0074925 -0.139607 -0.1925 -0 -0
-0.259485 -0.185007 -0.0153443 0.00748501 -0.139607 -0.185007 -0 -0
-0.274829 -0.177522 -0.0153289 0.00747752 -0.139607 -0.177522 -0 -0
-0.290158 -0.170045 -0.0153136 0.00747004 -0.139607 -0.170045 -0 -0
-0.305471 -0.162575 -0.0152983 0.00746257 -0.139607 -0.162575 -0 -0
-0.32077 -0.155112 -0.015283 0.00745511 -0.139607 -0.155112 -0 -0
-0.336053 -0.147657 -0.0152677 0.00744766 -0.139607 -0.147657 -0 -0
-0.35132 -0.14021 -0.0152524 0.00744021 -0.139607 -0.14021 -0 -0
-0.366573 -0.132769 -0.0152372 0.00743277 -0.139607 -0.132769 -0 -0
-0.38181 -0.125337 -0.0152219 0.00742534 -0.139607 -0.125337 -0 -0
-0.397032 -0.117911 -0.0152067 0.00741791 -0.139607 -0.117911 -0 -0
-0.412239 -0.110493 -0.0151915 0.00741049 -0.139607 -0.110493 -0 -0
-0.42743 -0.103083 -0.0151763 0.00740308 -0.139607 -0.103083 -0 -0
-0.442606 -0.0956798 -0.0151611 0.00739568 -0.139607 -0.0956798 -0 -0
-0.457768 -0.0882841 -0.015146 0.00738828 -0.139607 -0.0882841 -0 -0
-0.442622 -0.0808958 0.0151308 0.0073809 -0.139607 -0.0808958 -0 -0
-0.427491 -0.0735149 0.0151157 0.00737351 -0.139607 -0.0735149 -0 -0
-0.412375 -0.0661414 0.0151006 0.00736614 -0.139607 -0.0661414 -0 -0
-0.397274 -0.0587753 0.0150855 0.00735878 -0.139607 -0.0587753 -0 -0
-0.382189 -0.0514165 0.0150704 0.00735142 -0.139607 -0.0514165 -0 -0
-0.367119 -0.0440651 0.0150553 0.00734407 -0.139607 -0.0440651 -0 -0
-0.352063 -0.036721 0.0150403 0.00733672 -0.139607 -0.036721 -0 -0
-0.337023 -0.0293843 0.0150252 0.00732938 -0.139607 -0.0293843 -0 -0
-0.321998 -0.0220549 0.0150102 0.00732205 -0.139607 -0.0220549 -0 -0
-0.306988 -0.0147328 0.0149952 0.00731473 -0.139607 -0.0147328 -0 -0
-0.291992 -0.00741811 0.0149802 0.00730742 -0.139607 -0.00741811 -0 -0
-0.277012 -0.000110694 0.0149652 0.00730011 -0.139607 -0.000110694 -0 -0
-0.262047 0.00718942 0.0149503 0.00729281 -0.139607 0.00718942 -0 -0
-0.247097 0.0144822 0.0149353 0.00728552 -0.139607 0.0144822 -0 -0
-0.232161 0.0217677 0.0149204 0.00727823 -0.139607 0.0217677 -0 -0
-0.217241 0.029046 0.0149055 0.00727095 -0.139607 0.029046 -0 -0
-0.202335 0.0363169 0.0148906 0.00726368 -0.139607 0.0363169 -0 -0
-0.187445 0.0435806 0.0148757 0.00725642 -0.139607 0.0435806 -0 -0
-0.172569 0.050837 0.0148608 0.00724916 -0.139607 0.050837 -0 -0
-0.157708 0.0580862 0.0148459 0.00724191 -0.139607 0.0580862 -0 -0
-0.142863 0.0653281 0.0148311 0.00723467 -0.139607 0.0653281 -0 -0
-0.128031 0.0725628 0.0148162 0.00722744 -0.139607 0.0725628 -0 -0
-0.113215 0.0797902 0.0148014 0.00722021 -0.139607 0.0797902 -0 -0
-0.0984138 0.0870104 0.0147866 0.00721299 -0.139607 0.0870104 -0 -0
-0.0836272 0.0942234 0.0147718 0.00720578 -0.139607 0.0942234 -0 -0
-0.0688553 0.101429 0.0147571 0.00719857 -0.139607 0.101429 -0 -0
-0.0540983 0.108628 0.0147423 0.00719137 -0.139607 0.108628 -0 -0
-0.039356 0.115819 0.0147276 0.00718418 -0.139607 0.115819 