0.244848 0.351807 0.00112224 -0.000910595 0.727273 0.554217 0.00969697 -0.00963855
0.254545 0.342169 0.00112224 -0.000910595 0.727273 0.554217 0.00969697 -0.00963855
0.264242 0.33253 0.00112224 -0.000910595 0.727273 0.554217 0.00969697 -0.00963855
0.273939 0.322892 0.00112224 -0.000910595 0.727273 0.554217 0.0290909 -0.0289157
0.30303 0.293976 0.00112224 -0.000910595 0.727273 0.554217 0.00969697 -0.00963855
0.312727 0.284337 0.00112224 -0.000910595 0.727273 0.554217 0.00969697 -0.00963855
0.322424 0.274699 0.00112224 -0.000910595 0.727273 0.554217 0.00969697 -0.00963855
0.332121 0.26506 0.00112224 -0.000910595 0.727273 0.554217 0.0290909 -0.0289157
0.361212 0.236145 0.00112224 -0.000910595 0.727273 0.554217 0.00969697 -0.00963855
0.370909 0.226506 0.00112224 -0.000910595 0.727273 0.554217 0.00969697 -0.00963855
0.380606 0.216867 0.00112224 -0.000910595 0.727273 0.554217 0.00969697 -0.00963855
0.390303 0.207229 0.00112224 -0.000910595 0.727273 0.554217 0.0290909 -0.0289157
0.419394 0.178313 0.00112224 -0.000910595 0.727273 0.554217 0.00969697 -0.00963855
0.429091 0.168675 0.00112224 -0.000910595 0.699394 0.395181 0.00969697 -0.00963855
0.438788 0.159036 0.00112224 -0.000910595 0.699394 0.395181 0.00969697 -0.00963855
0.448485 0.149398 0.00112224 -0.000910595 0.81697 0.431325 0.0290909 -0.0289157
0.477576 0.120482 0.00112224 -0.000910595 0.81697 0.431325 0.00969697 -0.00963855
0.487273 0.110843 0.00112224 -0.000910595 0.81697 0.431325 0.00969697 0.00722892
0.49697 0.118072 0.00112224 0.000910595 0.81697 0.431325 0.00969697 0.00722892
0.506667 0.125301 0.00112224 0.000910595 0.81697 0.431325 0.0290909 0.0216867
0.535758 0.146988 0.00112224 0.000910595 0.81697 0.431325 0.00969697 0.00722892
0.545455 0.154217 0.00112224 0.000910595 0.81697 0.431325 0.00969697 0.00722892
0.555152 0.161446 0.00112224 0.000910595 0.81697 0.431325 0.00969697 0.00722892
0.564848 0.168675 0.00112224 0.000910595 0.81697 0.431325 0.0290909 0.0216867
0.593939 0.190361 0.00112224 0.000910595 0.81697 0.431325 0.00969697 0.00722892
0.603636 0.19759 0.00112224 0.000910595 0.81697 0.431325 0.00969697 0.00722892
0.613333 0.204819 0.00112224 0.000910595 0.81697 0.426506 0.00969697 0.00722892
0.62303 0.212048 0.00112224 0.000910595 0.81697 0.426506 0.0290909 0.0216867
0.652121 0.233735 0.00112224 0.000910595 0.867879 0.344578 0.00969697 0.00722892
0.661818 0.240964 0.00112224 0.000910595 0.866667 0.354217 0.00969697 0.00722892
0.671515 0.248193 0.00112224 0.000910595 0.865455 0.359036 0.00969697 0.00722892
0.681212 0.255422 0.00112224 0.000910595 0.864242 0.363855 0.0290909 0.0216867
0.710303 0.277108 0.00112224 0.000910595 0.864242 0.363855 0.00969697 0.00722892
0.72 0.284337 0.00112224 0.000910595 0.864242 0.363855 0.00969697 0.00722892
0.729697 0.291566 0.00112224 0.000910595 0.864242 0.363855 0.00969697 0.00722892
0.739394 0.298795 0.00112224 0.000910595 0.864242 0.363855 0.0290909 0.0216867
0.768485 0.320482 0.00112224 0.000910595 0.864242 0.363855 0.00969697 0.00722892
0.778182 0.327711 0.00112224 0.000910595 0.864242 0.366265 0.00969697 0.00722892
0.787879 0.33494 0.00112224 0.000910595 0.86303 0.366265 0.00969697 0.00722892
0.797576 0.342169 0.00112224 0.000910595 0.86303 0.368675 0.0290909 0.0216867
0.826667 0.363855 -0.00119666 -0.000383693 0.864242 0.375904 -0.0109091 -0.00481928
0.815758 0.359036 -0.00119666 -0.000383693 0.864242 0.375904 -0.0109091 -0.00481928
0.804848 0.354217 -0.00119666 -0.000383693 0.864242 0.375904 -0.0109091 -0.00481928
0.793939 0.349398 -0.00119666 -0.000383693 0.864242 0.375904 -0.0327273 -0.0144578
0.761212 0.33494 -0.00119666 -0.000383693 0.864242 0.375904 -0.0109091 -0.00481928
0.750303 0.33012 -0.00119666 -0.000383693 0.864242 0.375904 -0.0109091 -0.00481928
0.739394 0.325301 -0.00119666 -0.000383693 0.864242 0.375904 -0.0109091 -0.00481928
0.728485 0.320482 -0.00119666 -0.000383693 0.987879 0.508434 -0.0327273 -0.0144578
0.695758 0.306024 -0.00119666 -0.000383693 0.987879 0.486747 -0.0109091 -0.00481928
0.684848 0.301205 -0.00119666 -0.000383693 0.987879 0.486747 -0.0109091 -0.00481928
0.673939 0.296386 -0.00119666 -0.000383693 0.987879 0.486747 -0.0109091 -0.00481928
0.66303 0.291566 -0.00119666 -0.000383693 0.987879 0.486747 -0.0327273 -0.0144578
0.630303 0.277108 -0.00119666 -0.000383693 0.987879 0.486747 -0.0109091 -0.00481928
0.619394 0.272289 -0.00119666 -0.000383693 0.987879 0.486747 -0.0109091 -0.00481928
0.608485 0.26747 -0.00119666 -0.000383693 0.987879 0.486747 -0.0109091 -0.00481928
0.597576 0.262651 -0.00119666 -0.000383693 0.987879 0.486747 -0.0327273 -0.0144578
0.564848 0.248193 -0.00119666 -0.000383693 0.987879 0.486747 -0.0109091 -0.00481928
0.553939 0.243373 -0.00119666 -0.000383693 0.987879 0.486747 -0.0109091 -0.00481928
0.54303 0.238554 -0.00119666 -0.000383693 0.987879 0.486747 -0.0109091 -0.00481928
0.532121 0.233735 -0.00119666 -0.000383693 0.987879 0.486747 -0.0327273 -0.0144578
0.499394 0.219277 -0.00119666 -0.000383693 0.987879 0.486747 -0.0109091 -0.00481928
0.488485 0.214458 -0.00119666 -0.000383693 0.987879 0.486747 -0.0109091 -0.00481928
0.477576 0.209639 -0.00119666 -0.000383693 0.987879 0.486747 -0.0109091 -0.00481928
0.466667 0.204819 -0.00119666 -0.000383693 0.987879 0.486747 -0.0327273 -0.0144578
0.433939 0.190361 -0.00119666 -0.000383693 0.987879 0.486747 -0.0109091 -0.00481928
0.42303 0.185542 -0.00119666 -0.000383693 0.987879 0.486747 -0.0109091 -0.00481928
0.412121 0.180723 -0.00119666 -0.000383693 0.987879 0.486747 -0.0109091 -0.00481928
0.401212 0.175904 -0.00119666 -0.000383693 0.987879 0.486747 -0.0327273 -0.0144578
0.368485 0.161446 -0.00119666 -0.000383693 0.987879 0.486747 -0.0109091 -0.00481928
0.357576 0.156627 -0.00119666 -0.000383693 0.987879 0.486747 -0.0109091 -0.00481928
0.346667 0.151807 -0.00119666 -0.000383693 0.987879 0.486747 -0.0109091 -0.00481928
0.335758 0.146988 -0.00119666 -0.000383693 0.987879 0.486747 -0.0327273 -0.0144578
0.30303 0.13253 -0.00119666 -0.000383693 0.987879 0.486747 -0.0109091 -0.00481928
0.292121 0.127711 -0.00119666 -0.000383693 0.987879 0.486747 -0.0109091 -0.00481928
0.281212 0.122892 -0.00119666 -0.000383693 0.987879 0.486747 -0.0109091 -0.00481928
0.270303 0.118072 -0.00119666 -0.000383693 0.987879 0.486747 -0.0327273 0
0.237576 0.118072 -0.00119666 0.000383693 0.987879 0.486747 -0.0109091 0.00240964
0.226667 0.120482 -0.00119666 0.000383693 0.987879 0.486747 -0.0109091 0.00240964
0.215758 0.122892 -0.00119666 0.000383693 0.987879 0.486747 -0.0109091 0.00240964
0.204848 0.125301 -0.00119666 0.000383693 0.987879 0.486747 -0.0327273 0.00722892
0.172121 0.13253 -0.00119666 0.000383693 0.987879 0.486747 -0.0109091 0.00240964
0.161212 0.13494 -0.00119666 0.000383693 0.987879 0.486747 -0.0109091 0.00240964
0.150303 0.137349 -0.00119666 0.000383693 0.987879 0.486747 -0.0109091 0.00240964
0.139394 0.139759 -0.00119666 0.000383693 0.987879 0.486747 -0.0327273 0.00722892
0.106667 0.146988 -0.00119666 0.000383693 0.987879 0.486747 -0.0109091 0.00240964
0.0957576 0.149398 -0.00119666 0.000383693 0.987879 0.486747 -0.0109091 0.00240964
0.0848485 0.151807 -0.00119666 0.000383693 0.987879 0.486747 -0.0109091 0.00240964
0.0739394 0.154217 -0.00119666 0.000383693 0.987879 0.486747 -0.0254545 0.00722892
0.0484848 0.161446 0.00119666 0.000383693 0.987879 0.486747 0.00969697 0.00240964
0.0581818 0.163855 0.00119666 0.000383693 0.987879 0.486747 0.00969697 0.00240964
0.0678788 0.166265 0.00119666 0.000383693 0.987879 0.486747 0.00969697 0.00240964
0.0775758 0.168675 0.00119666 0.000383693 0.987879 0.486747 0.0290909 0.00722892
0.106667 0.175904 0.00119666 0.000383693 0.987879 0.486747 0.00969697 0.00240964
0.116364 0.178313 0.00119666 0.000383693 0.987879 0.486747 0.00969697 0.00240964
0.126061 0.180723 0.00119666 0.000383693 0.987879 0.486747 0.00969697 0.00240964
0.135758 0.183133 0.00119666 0.000383693 0.987879 0.486747 0.0290909 0.00722892
0.164848 0.190361 0.00119666 0.000383693 0.987879 0.486747 0.00969697 0.00240964
0.174545 0.192771 0.00119666 0.000383693 0.987879 0.486747 0.00969697 0.00240964
0.184242 0.195181 0.00119666 0.000383693 0.987879 0.486747 0.00969697 0.00240964
0.193939 0.19759 0.00119666 0.000383693 0.987879 0.486747 0.0290909 0.00722892
0.22303 0.204819 0.00119666 0.000383693 0.987879 0.486747 0.00969697 0.00240964
0.232727 0.207229 0.00119666 0.000383693 0.987879 0.486747 0.00969697 0.00240964
0.242424 0.209639 0.00119666 0.000383693 0.987879 0.486747 0.00969697 0.00240964
0.252121 0.212048 0.00119666 0.000383693 0.987879 0.486747 0.0290909 0.00722892
0.281212 0.219277 0.00119666 0.000383693 0.987879 0.486747 0.00969697 0.00240964
0.290909 0.221687 0.00119666 0.000383693 0.987879 0.486747 0.00969697 0.00240964
0.300606 0.224096 0.00119666 0.000383693 0.987879 0.486747 0.00969697 0.00240964
0.310303 0.226506 0.00119666 0.000383693 0.987879 0.486747 0.0290909 0.00722892
0.339394 0.233735 0.00119666 0.000383693 0.987879 0.486747 0.00969697 0.00240964
0.349091 0.236145 0.00119666 0.000383693 0.987879 0.486747 0.00969697 0.00240964
0.358788 0.238554 0.00119666 0.000383693 0.987879 0.486747 0.00969697 0.00240964
0.368485 0.240964 0.00119666 0.000383693 0.987879 0.486747 0.0290909 0.00722892
0.397576 0.248193 0.00119666 0.000383693 0.987879 0.486747 0.00969697 0.00240964
0.407273 0.250602 0.00119666 0.000383693 0.987879 0.486747 0.00969697 0.00240964
0.41697 0.253012 0.00119666 0.000383693 0.987879 0.486747 0.00969697 0.00240964
0.426667 0.255422 0.00119666 0.000383693 0.987879 0.486747 0.0290909 0.00722892
0.455758 0.262651 0.00119666 0.000383693 0.987879 0.486747 0.00969697 0.00240964
0.465455 0.26506 0.00119666 0.000383693 0.987879 0.486747 0.00969697 0.00240964
0.475152 0.26747 0.00119666 0.000383693 0.987879 0.486747 0.00969697 0.00240964
0.484848 0.26988 0.00119666 0.000383693 0.987879 0.486747 0.0290909 0.00722892
0.513939 0.277108 0.00119666 0.000383693 0.987879 0.486747 0.00969697 0.00240964
0.523636 0.279518 0.00119666 0.000383693 0.987879 0.486747 0.00969697 0.00240964
0.533333 0.281928 0.00119666 0.000383693 0.987879 0.486747 0.00969697 0.00240964
0.54303 0.284337 0.00119666 0.000383693 0.987879 0.486747 0.0290909 0.00722892
0.572121 0.291566 0.00119666 0.000383693 0.987879 0.486747 0.00969697 0.00240964
0.581818 0.293976 0.00119666 0.000383693 0.987879 0.486747 0.00969697 0.00240964
0.591515 0.296386 0.00119666 0.000383693 0.987879 0.486747 0.00969697 0.00240964
0.601212 0.298795 0.00119666 0.000383693 0.987879 0.486747 0.0290909 0.00722892
0.630303 0.306024 0.00119666 0.000383693 0.987879 0.486747 0.00969697 0.00240964
0.64 0.308434 0.00119666 0.000383693 0.987879 0.486747 0.00969697 0.00240964
0.649697 0.310843 0.00119666 0.000383693 0.987879 0.486747 0.00969697 0.00240964
0.659394 0.313253 0.00119666 0.000383693 0.987879 0.486747 0.0290909 0.00722892
0.688485 0.320482 0.00119666 0.000383693 0.987879 0.486747 0.00969697 0.00240964
0.698182 0.322892 0.00119666 0.000383693 0.987879 0.486747 0.00969697 0.00240964
0.707879 0.325301 0.00119666 0.000383693 0.987879 0.486747 0.00969697 0.00240964
0.717576 0.327711 0.00119666 0.000383693 0.987879 0.486747 0.0290909 0.00722892
0.746667 0.33494 0.00119666 0.000383693 0.987879 0.486747 0.00969697 0.00240964
0.756364 0.337349 0.00119666 0.000383693 0.987879 0.486747 0.00969697 0.00240964
0.766061 0.339759 0.00119666 0.000383693 0.987879 0.486747 0.00969697 0.00240964
0.775758 0.342169 0.00119666 0.000383693 0.987879 0.486747 0.0290909 0.00722892
0.804848 0.349398 0.00119666 0.000383693 0.987879 0.486747 0.00969697 0.00240964
0.814545 0.351807 0.00119666 0.000383693 0.987879 0.486747 0.00969697 0.00240964
0.824242 0.354217 0.00119666 0.000383693 0.987879 0.486747 0.00969697 0.00240964
0.833939 0.356627 0.00119666 0.000383693 0.987879 0.486747 0.0290909 0.00722892
0.86303 0.363855 0.00119666 0.000383693 0.987879 0.486747 0.00969697 0.00240964
0.872727 0.366265 0.00119666 0.000383693 0.987879 0.486747 0.00969697 0.00240964
0.882424 0.368675 0.00119666 0.000383693 0.987879 0.486747 0.00969697 0.00240964
0.892121 0.371084 0.00119666 0.000383693 0.987879 0.486747 0.0290909 0.00722892
0.921212 0.378313 0.00119666 0.000383693 0.987879 0.486747 0.00969697 0.00240964
0.930909 0.380723 0.00119666 0.000383693 0.987879 0.486747 0.00969697 0.00240964
0.940606 0.383133 0.00119666 0.000383693 0.987879 0.486747 0.00969697 0.00240964
0.950303 0.385542 0.00119666 0.000383693 0.987879 0.486747 0.0290909 0.00722892
0.979394 0.392771 0.00119666 0.000383693 0.987879 0.486747 0.00969697 0.00240964
0.989091 0.395181 0.00119666 0.000383693 0.987879 0.486747 0.00969697 0.00240964
0.998788 0.39759 0.00119666 0.000383693 0.987879 0.486747 0.00363636 0.00240964
1.00242 0.4 -0.00119666 0.000383693 0.987879 0.486747 -0.0242424 -0.0168675
0.978182 0.383133 -0.000210649 -0.00237297 0.987879 0.486747 -0.00242424 -0.0216867
0.975758 0.361446 -0.000210649 -0.00237297 0.987879 0.486747 -0.00242424 -0.0216867
0.973333 0.339759 -0.000210649 -0.00237297 0.987879 0.486747 -0.00242424 -0.0216867
0.970909 0.318072 -0.000210649 -0.00237297 0.987879 0.486747 -0.00727273 -0.0650602
0.963636 0.253012 -0.000210649 -0.00237297 0.987879 0.486747 -0.00242424 -0.0216867
0.961212 0.231325 -0.000210649 -0.00237297 0.987879 0.486747 -0.00242424 -0.0216867
0.958788 0.209639 -0.000210649 -0.00237297 0.987879 0.486747 -0.00242424 -0.0216867
0.956364 0.187952 -0.000210649 -0.00237297 0.987879 0.486747 -0.00727273 -0.0650602
0.949091 0.122892 -0.000210649 -0.00237297 0.987879 0.486747 -0.00242424 -0.00481928
0.946667 0.118072 -0.000210649 0.00237297 0.987879 0.486747 -0.00242424 0.0192771
0.944242 0.137349 -0.000210649 0.00237297 0.987879 0.486747 -0.00242424 0.0192771
0.941818 0.156627 -0.000210649 0.00237297 0.987879 0.486747 -0.00727273 0.0578313
0.934545 0.214458 -0.000210649 0.00237297 0.987879 0.486747 -0.00242424 0.0192771
0.932121 0.233735 -0.000210649 0.00237297 0.987879 0.486747 -0.00242424 0.0192771
0.929697 0.253012 -0.000210649 0.00237297 0.987879 0.486747 -0.00242424 0.0192771
0.927273 0.272289 -0.000210649 0.00237297 0.987879 0.486747 -0.00727273 0.0578313
0.92 0.33012 -0.000210649 0.00237297 0.987879 0.486747 -0.00242424 0.0192771
0.917576 0.349398 -0.000210649 0.00237297 0.987879 0.486747 -0.00242424 0.0192771
0.915152 0.368675 -0.000210649 0.00237297 0.987879 0.486747 -0.00242424 0.0192771
0.912727 0.387952 -0.000210649 0.00237297 0.987879 0.486747 -0.00727273 0.0578313
0.905455 0.445783 -0.000210649 0.00237297 0.987879 0.486747 -0.00242424 0.0192771
0.90303 0.46506 -0.000210649 0.00237297 0.987879 0.486747 -0.00242424 0.0192771
0.900606 0.484337 -0.000210649 0.00237297 0.987879 0.486747 -0.00242424 0.0192771
0.898182 0.503614 -0.000210649 0.00237297 0.987879 0.486747 -0.00727273 0.0578313
0.890909 0.561446 -0.000210649 0.00237297 0.995152 0.583133 -0.00242424 0.0192771
0.888485 0.580723 -0.000210649 0.00237297 0.995152 0.59759 -0.00242424 0.0192771
0.886061 0.6 -0.000210649 0.00237297 0.995152 0.59759 -0.00242424 0.0192771
0.883636 0.619277 -0.000210649 0.00237297 0.995152 0.59759 -0.00727273 0.0578313
0.876364 0.677108 -0.000210649 0.00237297 0.987879 0.638554 -0.00242424 0.0192771
0.873939 0.696386 -0.000210649 0.00237297 0.987879 0.638554 -0.00242424 0.0192771
0.871515 0.715663 -0.000210649 0.00237297 0.987879 0.638554 -0.00242424 0.0192771
0.869091 0.73494 -0.000210649 0.00237297 0.987879 0.638554 -0.00727273 0.0578313
0.861818 0.792771 -0.000210649 0.00237297 0.987879 0.638554 -0.00242424 0.0192771
0.859394 0.812048 -0.000210649 0.00237297 0.987879 0.638554 -0.00242424 0.0192771
0.85697 0.831325 -0.000210649 0.00237297 0.987879 0.638554 -0.00242424 0.0192771
0.854545 0.850602 -0.000210649 0.00237297 0.987879 0.638554 -0.00727273 0.0578313
0.847273 0.908434 -0.000210649 0.00237297 0.987879 0.638554 -0.00242424 0.0192771
0.844848 0.927711 -0.000210649 0.00237297 0.987879 0.638554 -0.00242424 0.0192771
0.842424 0.946988 -0.000210649 0.00237297 0.987879 0.638554 -0.00242424 0.0192771
0.84 0.966265 -0.000210649 0.00237297 0.987879 0.638554 -0.00727273 0.0385542
0.832727 1.00482 -0.000210649 -0.00237297 0.987879 0.638554 -0.00242424 -0.0216867
0.830303 0.983133 -0.000210649 -0.00237297 0.987879 0.638554 -0.00242424 -0.0216867
0.827879 0.961446 -0.000210649 -0.00237297 0.987879 0.638554 -0.00242424 -0.0216867
0.825455 0.939759 -0.000210649 -0.00237297 0.987879 0.638554 -0.646061 -0.392771
0.179394 0.546988 0.00116941 -0.000634018 0.987879 0.638554 0.00848485 -0.00722892
0.187879 0.539759 0.00116941 -0.000634018 0.987879 0.638554 0.00848485 -0.00722892
0.196364 0.53253 0.00116941 -0.000634018 0.987879 0.638554 0.00848485 -0.00722892
0.204848 0.525301 0.00116941 -0.000634018 0.987879 0.638554 0.0254545 -0.0216867
0.230303 0.503614 0.00116941 -0.000634018 0.987879 0.638554 0.00848485 -0.00722892
0.238788 0.496386 0.00116941 -0.000634018 0.987879 0.638554 0.00848485 -0.00722892
0.247273 0.489157 0.00116941 -0.000634018 0.987879 0.638554 0.00848485 -0.00722892
0.255758 0.481928 0.00116941 -0.000634018 0.987879 0.638554 0.0254545 -0.0216867
0.281212 0.460241 0.00116941 -0.000634018 0.987879 0.638554 0.00848485 -0.00722892
0.289697 0.453012 0.00116941 -0.000634018 0.987879 0.638554 0.00848485 -0.00722892
0.298182 0.445783 0.00116941 -0.000634018 0.987879 0.638554 0.00848485 -0.00722892
0.306667 0.438554 0.00116941 -0.000634018 0.987879 0.638554 0.0254545 -0.0216867
0.332121 0.416867 0.00116941 -0.000634018 0.987879 0.638554 0.00848485 -0.00722892
0.340606 0.409639 0.00116941 -0.000634018 0.987879 0.638554 0.00848485 -0.00722892
0.349091 0.40241 0.00116941 -0.000634018 0.987879 0.638554 0.00848485 -0.00722892
0.357576 0.395181 0.00116941 -0.000634018 0.987879 0.633735 0.0254545 -0.0216867
0.38303 0.373494 0.00116941 -0.000634018 0.987879 0.628916 0.00848485 -0.00722892
0.391515 0.366265 0.00116941 -0.000634018 0.989091 0.607229 0.00848485 -0.00722892
0.4 0.359036 0.00116941 -0.000634018 0.990303 0.590361 0.00848485 -0.00722892
0.408485 0.351807 0.00116941 -0.000634018 0.990303 0.587952 0.0254545 -0.0216867
0.433939 0.33012 0.00116941 -0.000634018 0.990303 0.587952 0.00848485 -0.00722892
0.442424 0.322892 0.00116941 -0.000634018 0.990303 0.587952 0.00848485 -0.00722892
0.450909 0.315663 0.00116941 -0.000634018 0.990303 0.587952 0.00848485 -0.00722892
0.459394 0.308434 0.00116941 -0.000634018 0.990303 0.587952 0.0254545 -0.0216867
0.484848 0.286747 0.00116941 -0.000634018 0.990303 0.587952 0.00848485 -0.00722892
0.493333 0.279518 0.00116941 -0.000634018 0.989091 0.590361 0.00848485 -0.00722892
0.501818 0.272289 0.00116941 -0.000634018 0.989091 0.592771 0.00848485 -0.00722892
0.510303 0.26506 0.00116941 -0.000634018 0.989091 0.592771 0.0254545 -0.0216867
0.535758 0.243373 0.00116941 -0.000634018 0.989091 0.590361 0.00848485 -0.00722892
0.544242 0.236145 0.00116941 -0.000634018 0.989091 0.587952 0.00848485 -0.00722892
0.552727 0.228916 0.00116941 -0.000634018 0.989091 0.587952 0.00848485 -0.00722892
0.561212 0.221687 0.00116941 -0.000634018 0.989091 0.587952 0.0254545 -0.0216867
0.586667 0.2 0.00116941 -0.000634018 0.989091 0.587952 0.00848485 -0.00722892
0.595152 0.192771 0.00116941 -0.000634018 0.989091 0.587952 0.00848485 -0.00722892
0.603636 0.185542 0.00116941 -0.000634018 0.989091 0.587952 0.00848485 -0.00722892
0.612121 0.178313 0.00116941 -0.000634018 0.989091 0.587952 0.0254545 -0.0216867
0.637576 0.156627 0.00116941 -0.000634018 0.989091 0.590361 0.00848485 -0.00722892
0.646061 0.149398 0.00116941 -0.000634018 0.989091 0.590361 0.00848485 -0.00722892
0.654545 0.142169 0.00116941 -0.000634018 0.989091 0.590361 0.00848485 -0.00722892
0.66303 0.13494 0.00116941 -0.000634018 0.989091 0.590361 0.0254545 -0.0216867
0.688485 0.113253 0.00116941 -0.000634018 0.989091 0.592771 0.00848485 0.00481928
0.69697 0.118072 0.00116941 0.000634018 0.989091 0.592771 0.00848485 0.00481928
0.705455 0.122892 0.00116941 0.000634018 0.989091 0.595181 0.00848485 0.00481928
0.713939 0.127711 0.00116941 0.000634018 0.989091 0.604819 0.0254545 0.0144578
0.739394 0.142169 0.00116941 0.000634018 0.991515 0.592771 0.00848485 0.00481928
0.747879 0.146988 0.00116941 0.000634018 0.991515 0.590361 0.00848485 0.00481928
0.756364 0.151807 0.00116941 0.000634018 0.991515 0.590361 0.00848485 0.00481928
0.764848 0.156627 0.00116941 0.000634018 0.991515 0.590361 0.0254545 0.0144578
0.790303 0.171084 0.00116941 0.000634018 0.991515 0.561446 0.00848485 0.00481928
0.798788 0.175904 0.00116941 0.000634018 0.991515 0.559036 0.00848485 0.00481928
0.807273 0.180723 0.00116941 0.000634018 0.991515 0.46988 0.00848485 0.00481928
0.815758 0.185542 0.00116941 0.000634018 0.991515 0.46988 0.0254545 0.0144578
0.841212 0.2 0.00116941 0.000634018 0.991515 0.46988 0.00848485 0.00481928
0.849697 0.204819 0.00116941 0.000634018 0.991515 0.46988 0.00848485 0.00481928
0.858182 0.209639 0.00116941 0.000634018 0.991515 0.46988 0.00848485 0.00481928
0.866667 0.214458 0.00116941 0.000634018 0.991515 0.46988 0.0254545 0.0144578
0.892121 0.228916 0.00116941 0.000634018 0.991515 0.46988 0.00848485 0.00481928
0.900606 0.233735 0.00116941 0.000634018 0.991515 0.46988 0.00848485 0.00481928
0.909091 0.238554 0.00116941 0.000634018 0.991515 0.46988 0.00848485 0.00481928
0.917576 0.243373 0.00116941 0.000634018 0.991515 0.46988 0.0254545 0.0144578
0.94303 0.257831 0.00116941 0.000634018 0.991515 0.46988 0.00848485 0.00481928
0.951515 0.262651 0.00116941 0.000634018 0.991515 0.46988 0.00848485 0.00481928
0.96 0.26747 0.00116941 0.000634018 0.991515 0.46988 0.00848485 0.00481928
0.968485 0.272289 0.00116941 0.000634018 0.991515 0.46988 0.0254545 0.0144578
0.993939 0.286747 0.00116941 0.000634018 0.991515 0.46988 0.00848485 0.00481928
1.00242 0.291566 0.00116941 0.000634018 0.991515 0.46988 0 0.00481928
1.00242 0.296386 -0.00116941 0.000634018 0.991515 0.46988 -0.00969697 0.00481928
0.992727 0.301205 -0.00116941 0.000634018 0.991515 0.46988 -0.0290909 0.0144578
0.963636 0.315663 -0.00116941 0.000634018 0.991515 0.46988 -0.00969697 0.00481928
0.953939 0.320482 -0.00116941 0.000634018 0.991515 0.46988 -0.00969697 0.00481928
0.944242 0.325301 -0.00116941 0.000634018 0.991515 0.46988 -0.00969697 0.00481928
0.934545 0.33012 -0.00116941 0.000634018 0.991515 0.46988 -0.0290909 0.0144578
0.905455 0.344578 -0.00116941 0.000634018 0.991515 0.46988 -0.00969697 0.00481928
0.895758 0.349398 -0.00116941 0.000634018 0.991515 0.46988 -0.00969697 0.00481928
0.886061 0.354217 -0.00116941 0.000634018 0.991515 0.46988 -0.00969697 0.00481928
0.876364 0.359036 -0.00116941 0.000634018 0.991515 0.46988 -0.0290909 0.0144578
0.847273 0.373494 -0.00116941 0.000634018 0.991515 0.46988 -0.00969697 0.00481928
0.837576 0.378313 -0.00116941 0.000634018 0.991515 0.46988 -0.00969697 0.00481928
0.827879 0.383133 -0.00116941 0.000634018 0.991515 0.46988 -0.00969697 0.00481928
0.818182 0.387952 -0.00116941 0.000634018 0.991515 0.46988 -0.0290909 0.0144578
0.789091 0.40241 -0.00116941 0.000634018 0.993939 0.573494 -0.00969697 0.00481928
0.779394 0.407229 -0.00116941 0.000634018 0.992727 0.592771 -0.00969697 0.00481928
0.769697 0.412048 -0.00116941 0.000634018 0.991515 0.595181 -0.00969697 0.00481928
0.76 0.416867 -0.00116941 0.000634018 0.989091 0.612048 -0.0290909 0.0144578
0.730909 0.431325 -0.00116941 0.000634018 0.989091 0.628916 -0.00969697 0.00481928
0.721212 0.436145 -0.00116941 0.000634018 0.989091 0.631325 -0.00969697 0.00481928
0.711515 0.440964 -0.00116941 0.000634018 0.989091 0.631325 -0.00969697 0.00481928
0.701818 0.445783 -0.00116941 0.000634018 0.989091 0.631325 -0.0290909 0.0144578
0.672727 0.460241 -0.00116941 0.000634018 0.989091 0.631325 -0.00969697 0.00481928
0.66303 0.46506 -0.00116941 0.000634018 0.989091 0.631325 -0.00969697 0.00481928
0.653333 0.46988 -0.00116941 0.000634018 0.989091 0.631325 -0.00969697 0.00481928
0.643636 0.474699 -0.00116941 0.000634018 0.989091 0.631325 -0.0290909 0.0144578
0.614545 0.489157 -0.00116941 0.000634018 0.989091 0.631325 -0.00969697 0.00481928
0.604848 0.493976 -0.00116941 0.000634018 0.989091 0.631325 -0.00969697 0.00481928
0.595152 0.498795 -0.00116941 0.000634018 0.989091 0.631325 -0.00969697 0.00481928
0.585455 0.503614 -0.00116941 0.000634018 0.989091 0.631325 -0.0290909 0.0144578
0.556364 0.518072 -0.00116941 0.000634018 0.989091 0.631325 -0.00969697 0.00481928
0.546667 0.522892 -0.00116941 0.000634018 0.989091 0.631325 -0.00969697 0.00481928
0.53697 0.527711 -0.00116941 0.000634018 0.989091 0.631325 -0.00969697 0.00481928
0.527273 0.53253 -0.00116941 0.000634018 0.989091 0.631325 -0.0290909 0.0144578
0.498182 0.546988 -0.00116941 0.000634018 0.989091 0.631325 -0.00969697 0.00481928
0.488485 0.551807 -0.00116941 0.000634018 0.989091 0.631325 -0.00969697 0.00481928
0.478788 0.556627 -0.00116941 0.000634018 0.989091 0.631325 -0.00969697 0.00481928
0.469091 0.561446 -0.00116941 0.000634018 0.989091 0.631325 -0.0290909 0.0144578
0.44 0.575904 -0.00116941 0.000634018 0.989091 0.631325 -0.00969697 0.00481928
0.430303 0.580723 -0.00116941 0.000634018 0.989091 0.631325 -0.00969697 0.00481928
0.420606 0.585542 -0.00116941 0.000634018 0.989091 0.631325 -0.00969697 0.00481928
0.410909 0.590361 -0.00116941 0.000634018 0.989091 0.631325 -0.0290909 0.0144578
0.381818 0.604819 -0.00116941 0.000634018 0.989091 0.631325 -0.00969697 0.00481928
0.372121 0.609639 -0.00116941 0.000634018 0.989091 0.631325 -0.00969697 0.00481928
0.362424 0.614458 -0.00116941 0.000634018 0.989091 0.631325 -0.00969697 0.00481928
0.352727 0.619277 -0.00116941 0.000634018 0.989091 0.631325 -0.0290909 0.0144578
0.323636 0.633735 -0.00116941 0.000634018 0.989091 0.631325 -0.00969697 0.00481928
0.313939 0.638554 -0.00116941 0.000634018 0.989091 0.631325 -0.00969697 0.00481928
0.304242 0.643373 -0.00116941 0.000634018 0.989091 0.631325 -0.00969697 0.00481928
0.294545 0.648193 -0.00116941 0.000634018 0.989091 0.631325 -0.0290909 0.0144578
0.265455 0.662651 -0.00116941 0.000634018 0.989091 0.631325 -0.00969697 0.00481928
0.255758 0.66747 -0.00116941 0.000634018 0.989091 0.631325 -0.00969697 0.00481928
0.246061 0.672289 -0.00116941 0.000634018 0.989091 0.631325 -0.00969697 0.00481928
0.236364 0.677108 -0.00116941 0.000634018 0.989091 0.631325 -0.0290909 0.0144578
0.207273 0.691566 -0.00116941 0.000634018 0.989091 0.631325 -0.00969697 0.00481928
0.197576 0.696386 -0.00116941 0.000634018 0.989091 0.631325 -0.00969697 0.00481928
0.187879 0.701205 -0.00116941 0.000634018 0.989091 0.631325 -0.00969697 0.00481928
0.178182 0.706024 -0.00116941 0.000634018 0.989091 0.631325 -0.0290909 0.0144578
0.149091 0.720482 -0.00116941 0.000634018 0.989091 0.631325 -0.00969697 0.00481928
0.139394 0.725301 -0.00116941 0.000634018 0.989091 0.631325 -0.00969697 0.00481928
0.129697 0.73012 -0.00116941 0.000634018 0.989091 0.631325 -0.00969697 0.00481928
0.12 0.73494 -0.00116941 0.000634018 0.989091 0.631325 -0.0290909 0.0144578
0.0909091 0.749398 -0.00116941 0.000634018 0.989091 0.631325 -0.00969697 0.00481928
0.0812121 0.754217 -0.00116941 0.000634018 0.989091 0.631325 -0.00969697 0.00481928
0.0715152 0.759036 -0.00116941 0.000634018 0.989091 0.631325 -0.00969697 0.00481928
0.0618182 0.763855 -0.00116941 0.000634018 0.989091 0.631325 -0.00484848 0.0144578
0.0569697 0.778313 0.00116941 0.000634018 0.989091 0.631325 0.00848485 0.00481928
0.0654545 0.783133 0.00116941 0.000634018 0.989091 0.631325 0.00848485 0.00481928
0.0739394 0.787952 0.00116941 0.000634018 0.989091 0.631325 0.00848485 0.00481928
0.0824242 0.792771 0.00116941 0.000634018 0.989091 0.631325 0.0254545 0.0144578
0.107879 0.807229 0.00116941 0.000634018 0.989091 0.631325 0.00848485 0.00481928
0.116364 0.812048 0.00116941 0.000634018 0.989091 0.631325 0.00848485 0.00481928
0.124848 0.816867 0.00116941 0.000634018 0.989091 0.631325 0.00848485 0.00481928
0.133333 0.821687 0.00116941 0.000634018 0.989091 0.631325 0.0254545 0.0144578
0.158788 0.836145 0.00116941 0.000634018 0.989091 0.631325 0.00848485 0.00481928
0.167273 0.840964 0.00116941 0.000634018 0.989091 0.631325 0.00848485 0.00481928
0.175758 0.845783 0.00116941 0.000634018 0.989091 0.631325 0.00848485 0.00481928
0.184242 0.850602 0.00116941 0.000634018 0.989091 0.631325 0.0254545 0.0144578
0.209697 0.86506 0.00116941 0.000634018 0.989091 0.631325 0.00848485 0.00481928
0.218182 0.86988 0.00116941 0.000634018 0.989091 0.631325 0.00848485 0.00481928
0.226667 0.874699 0.00116941 0.000634018 0.989091 0.631325 0.00848485 0.00481928
0.235152 0.879518 0.00116941 0.000634018 0.989091 0.631325 0.0254545 0.0144578
0.260606 0.893976 0.00116941 0.000634018 0.989091 0.631325 0.00848485 0.00481928
0.269091 0.898795 0.00116941 0.000634018 0.989091 0.631325 0.00848485 0.00481928
0.277576 0.903614 0.00116941 0.000634018 0.989091 0.631325 0.00848485 0.00481928
0.286061 0.908434 0.00116941 0.000634018 0.989091 0.660241 0.0254545 0.0144578
0.311515 0.922892 0.00116941 0.000634018 0.989091 0.66988 0.00848485 0.00481928
0.32 0.927711 0.00116941 0.000634018 0.989091 0.66988 0.00848485 0.00481928
0.328485 0.93253 0.00116941 0.000634018 0.989091 0.66988 0.00848485 0.00481928
0.33697 0.937349 0.00116941 0.000634018 0.989091 0.66988 0.0254545 0.0144578
0.362424 0.951807 0.00116941 0.000634018 0.987879 0.66988 0.00848485 0.00481928
0.370909 0.956627 0.00116941 0.000634018 0.987879 0.672289 0.00848485 0.00481928
0.379394 0.961446 0.00116941 0.000634018 0.987879 0.672289 0.00848485 0.00481928
0.387879 0.966265 0.00116941 0.000634018 0.987879 0.674699 0.0254545 0.0144578
0.413333 0.980723 0.00116941 0.000634018 0.987879 0.674699 0.00848485 0.00481928
0.421818 0.985542 0.00116941 0.000634018 0.987879 0.674699 0.00848485 0.00481928
0.430303 0.990361 0.00116941 0.000634018 0.987879 0.674699 0.00848485 0.00481928
0.438788 0.995181 0.00116941 0.000634018 0.987879 0.674699 0.0254545 0.00963855
0.464242 1.00482 0.00116941 -0.000634018 0.987879 0.674699 0.00848485 -0.00722892
0.472727 0.99759 0.00116941 -0.000634018 0.987879 0.674699 0.00848485 -0.00722892
0.481212 0.990361 0.00116941 -0.000634018 0.987879 0.674699 0.00848485 -0.00722892
0.489697 0.983133 0.00116941 -0.000634018 0.987879 0.674699 0.0254545 -0.0216867
0.515152 0.961446 0.00116941 -0.000634018 0.987879 0.674699 0.00848485 -0.00722892
0.523636 0.954217 0.00116941 -0.000634018 0.987879 0.674699 0.00848485 -0.00722892
0.532121 0.946988 0.00116941 -0.000634018 0.987879 0.674699 0.00848485 -0.00722892
0.540606 0.939759 0.00116941 -0.000634018 0.987879 0.674699 0.0254545 -0.0216867
0.566061 0.918072 0.00116941 -0.000634018 0.987879 0.674699 0.00848485 -0.00722892
0.574545 0.910843 0.00116941 -0.000634018 0.987879 0.674699 0.00848485 -0.00722892
0.58303 0.903614 0.00116941 -0.000634018 0.987879 0.674699 0.00848485 -0.00722892
0.591515 0.896386 0.00116941 -0.000634018 0.987879 0.674699 0.0254545 -0.0216867
0.61697 0.874699 0.00116941 -0.000634018 0.987879 0.621687 0.00848485 -0.00722892
0.625455 0.86747 0.00116941 -0.000634018 0.987879 0.621687 0.00848485 -0.00722892
0.633939 0.860241 0.00116941 -0.000634018 0.987879 0.621687 0.00848485 -0.00722892
0.642424 0.853012 0.00116941 -0.000634018 0.987879 0.621687 0.0254545 -0.0216867
0.667879 0.831325 0.00116941 -0.000634018 0.987879 0.616867 0.00848485 -0.00722892
0.676364 0.824096 0.00116941 -0.000634018 0.987879 0.614458 0.00848485 -0.00722892
0.684848 0.816867 0.00116941 -0.000634018 0.987879 0.614458 0.00848485 -0.00722892
0.693333 0.809639 0.00116941 -0.000634018 0.987879 0.612048 0.0254545 -0.0216867
0.718788 0.787952 0.00116941 -0.000634018 0.986667 0.609639 0.00848485 -0.00722892
0.727273 0.780723 0.00116941 -0.000634018 0.986667 0.609639 0.00848485 -0.00722892
0.735758 0.773494 0.00116941 -0.000634018 0.986667 0.609639 0.00848485 -0.00722892
0.744242 0.766265 0.00116941 -0.000634018 0.986667 0.609639 0.0254545 -0.0216867
0.769697 0.744578 0.00116941 -0.000634018 0.986667 0.607229 0.00848485 -0.00722892
0.778182 0.737349 0.00116941 -0.000634018 0.986667 0.607229 0.00848485 -0.00722892
0.786667 0.73012 0.00116941 -0.000634018 0.986667 0.607229 0.00848485 -0.00722892
0.795152 0.722892 0.00116941 -0.000634018 0.987879 0.619277 0.0254545 -0.0216867
0.820606 0.701205 0.00116941 -0.000634018 0.987879 0.621687 0.00848485 -0.00722892
0.829091 0.693976 0.00116941 -0.000634018 0.987879 0.621687 0.00848485 -0.00722892
0.837576 0.686747 0.00116941 -0.000634018 0.987879 0.621687 0.00848485 -0.00722892
0.846061 0.679518 0.00116941 -0.000634018 0.987879 0.621687 0.0254545 -0.0216867
0.871515 0.657831 0.00116941 -0.000634018 0.987879 0.624096 0.00848485 -0.00722892
0.88 0.650602 0.00116941 -0.000634018 0.987879 0.624096 0.00848485 -0.00722892
0.888485 0.643373 0.00116941 -0.000634018 0.987879 0.624096 0.00848485 -0.00722892
0.89697 0.636145 0.00116941 -0.000634018 0.987879 0.626506 -0.73697 0.243373
0.16 0.879518 0.000947846 -0.00150196 0.987879 0.628916 0.00242424 -0.00481928
0.162424 0.874699 0.000947846 -0.00150196 0.987879 0.628916 0.00242424 -0.00481928
0.164848 0.86988 0.000947846 -0.00150196 0.987879 0.628916 0.00242424 -0.00481928
0.167273 0.86506 0.000947846 -0.00150196 0.985455 0.59759 0.00727273 -0.0144578
0.174545 0.850602 0.000947846 -0.00150196 0.985455 0.59759 0.00242424 -0.00481928
0.17697 0.845783 0.000947846 -0.00150196 0.985455 0.59759 0.00242424 -0.00481928
0.179394 0.840964 0.000947846 -0.00150196 0.985455 0.59759 0.00242424 -0.00481928
0.181818 0.836145 0.000947846 -0.00150196 0.985455 0.592771 0.00727273 -0.0144578
0.189091 0.821687 0.000947846 -0.00150196 0.984242 0.578313 0.00242424 -0.00481928
0.191515 0.816867 0.000947846 -0.00150196 0.984242 0.566265 0.00242424 -0.00481928
0.193939 0.812048 0.000947846 -0.00150196 0.984242 0.563855 0.00242424 -0.00481928
0.196364 0.807229 0.000947846 -0.00150196 0.984242 0.563855 0.00727273 -0.0144578
0.203636 0.792771 0.000947846 -0.00150196 0.984242 0.563855 0.00242424 -0.00481928
0.206061 0.787952 0.000947846 -0.00150196 0.984242 0.563855 0.00242424 -0.00481928
0.208485 0.783133 0.000947846 -0.00150196 0.984242 0.563855 0.00242424 -0.00481928
0.210909 0.778313 0.000947846 -0.00150196 0.984242 0.563855 0.00727273 -0.0144578
0.218182 0.763855 0.000947846 -0.00150196 0.984242 0.563855 0.00242424 -0.00481928
0.220606 0.759036 0.000947846 -0.00150196 0.984242 0.563855 0.00242424 -0.00481928
0.22303 0.754217 0.000947846 -0.00150196 0.984242 0.563855 0.00242424 -0.00481928
0.225455 0.749398 0.000947846 -0.00150196 0.984242 0.563855 0.00727273 -0.0144578
0.232727 0.73494 0.000947846 -0.00150196 0.986667 0.520482 0.00242424 -0.00481928
0.235152 0.73012 0.000947846 -0.00150196 0.986667 0.518072 0.00242424 -0.00481928
0.237576 0.725301 0.000947846 -0.00150196 0.986667 0.513253 0.00242424 -0.00481928
0.24 0.720482 0.000947846 -0.00150196 0.986667 0.506024 0.00727273 -0.0144578
0.247273 0.706024 0.000947846 -0.00150196 0.987879 0.486747 0.00242424 -0.00481928
0.249697 0.701205 0.000947846 -0.00150196 0.987879 0.484337 0.00242424 -0.00481928
0.252121 0.696386 0.000947846 -0.00150196 0.987879 0.479518 0.00242424 -0.00481928
0.254545 0.691566 0.000947846 -0.00150196 0.987879 0.479518 0.00727273 -0.0144578
0.261818 0.677108 0.000947846 -0.00150196 0.987879 0.481928 0.00242424 -0.00481928
0.264242 0.672289 0.000947846 -0.00150196 0.987879 0.481928 0.00242424 -0.00481928
0.266667 0.66747 0.000947846 -0.00150196 0.987879 0.484337 0.00242424 -0.00481928
0.269091 0.662651 0.000947846 -0.00150196 0.987879 0.486747 0.00727273 -0.0144578
0.276364 0.648193 0.000947846 -0.00150196 0.987879 0.493976 0.00242424 -0.00481928
0.278788 0.643373 0.000947846 -0.00150196 0.987879 0.493976 0.00242424 -0.00481928
0.281212 0.638554 0.000947846 -0.00150196 0.987879 0.496386 0.00242424 -0.00481928
0.283636 0.633735 0.000947846 -0.00150196 0.987879 0.501205 0.00727273 -0.0144578
0.290909 0.619277 0.000947846 -0.00150196 0.987879 0.501205 0.00242424 -0.00481928
0.293333 0.614458 0.000947846 -0.00150196 0.987879 0.501205 0.00242424 -0.00481928
0.295758 0.609639 0.000947846 -0.00150196 0.987879 0.501205 0.00242424 -0.00481928
0.298182 0.604819 0.000947846 -0.00150196 0.987879 0.501205 0.00727273 -0.0144578
0.305455 0.590361 0.000947846 -0.00150196 0.987879 0.501205 0.00242424 -0.00481928
0.307879 0.585542 0.000947846 -0.00150196 0.987879 0.501205 0.00242424 -0.00481928
0.310303 0.580723 0.000947846 -0.00150196 0.987879 0.501205 0.00242424 -0.00481928
0.312727 0.575904 0.000947846 -0.00150196 0.987879 0.501205 0.00727273 -0.0144578
0.32 0.561446 0.000947846 -0.00150196 0.987879 0.501205 0.00242424 -0.00481928
0.322424 0.556627 0.000947846 -0.00150196 0.987879 0.501205 0.00242424 -0.00481928
0.324848 0.551807 0.000947846 -0.00150196 0.987879 0.501205 0.00242424 -0.00481928
0.327273 0.546988 0.000947846 -0.00150196 0.987879 0.501205 0.00727273 -0.0144578
0.334545 0.53253 0.000947846 -0.00150196 0.987879 0.501205 0.00242424 -0.00481928
0.33697 0.527711 0.000947846 -0.00150196 0.987879 0.501205 0.00242424 -0.00481928
0.339394 0.522892 0.000947846 -0.00150196 0.987879 0.501205 0.00242424 -0.00481928
0.341818 0.518072 0.000947846 -0.00150196 0.987879 0.501205 0.00727273 -0.0144578
0.349091 0.503614 0.000947846 -0.00150196 0.987879 0.501205 0.00242424 -0.00481928
0.351515 0.498795 0.000947846 -0.00150196 0.987879 0.501205 0.00242424 -0.00481928
0.353939 0.493976 0.000947846 -0.00150196 0.987879 0.501205 0.00242424 -0.00481928
0.356364 0.489157 0.000947846 -0.00150196 0.987879 0.501205 0.00727273 -0.0144578
0.363636 0.474699 0.000947846 -0.00150196 0.987879 0.501205 0.00242424 -0.00481928
0.366061 0.46988 0.000947846 -0.00150196 0.987879 0.501205 0.00242424 -0.00481928
0.368485 0.46506 0.000947846 -0.00150196 0.987879 0.501205 0.00242424 -0.00481928
0.370909 0.460241 0.000947846 -0.00150196 0.987879 0.501205 0.00727273 -0.0144578
0.378182 0.445783 0.000947846 -0.00150196 0.987879 0.501205 0.00242424 -0.00481928
0.380606 0.440964 0.000947846 -0.00150196 0.987879 0.501205 0.00242424 -0.00481928
0.38303 0.436145 0.000947846 -0.00150196 0.987879 0.501205 0.00242424 -0.00481928
0.385455 0.431325 0.000947846 -0.00150196 0.987879 0.501205 0.00727273 -0.0144578
0.392727 0.416867 0.000947846 -0.00150196 0.987879 0.501205 0.00242424 -0.00481928
0.395152 0.412048 0.000947846 -0.00150196 0.987879 0.501205 0.00242424 -0.00481928
0.397576 0.407229 0.000947846 -0.00150196 0.987879 0.501205 0.00242424 -0.00481928
0.4 0.40241 0.000947846 -0.00150196 0.987879 0.501205 0.00727273 -0.0144578
0.407273 0.387952 0.000947846 -0.00150196 0.987879 0.501205 0.00242424 -0.00481928
0.409697 0.383133 0.000947846 -0.00150196 0.987879 0.501205 0.00242424 -0.00481928
0.412121 0.378313 0.000947846 -0.00150196 0.987879 0.501205 0.00242424 -0.00481928
0.414545 0.373494 0.000947846 -0.00150196 0.987879 0.501205 0.00727273 -0.0144578
0.421818 0.359036 0.000947846 -0.00150196 0.987879 0.501205 0.00242424 -0.00481928
0.424242 0.354217 0.000947846 -0.00150196 0.987879 0.501205 0.00242424 -0.00481928
0.426667 0.349398 0.000947846 -0.00150196 0.987879 0.501205 0.00242424 -0.00481928
0.429091 0.344578 0.000947846 -0.00150196 0.987879 0.501205 0.00727273 -0.0144578
0.436364 0.33012 0.000947846 -0.00150196 0.987879 0.501205 0.00242424 -0.00481928
0.438788 0.325301 0.000947846 -0.00150196 0.987879 0.501205 0.00242424 -0.00481928
0.441212 0.320482 0.000947846 -0.00150196 0.987879 0.501205 0.00242424 -0.00481928
0.443636 0.315663 0.000947846 -0.00150196 0.987879 0.501205 0.00727273 -0.0144578
0.450909 0.301205 0.000947846 -0.00150196 0.987879 0.501205 0.00242424 -0.00481928
0.453333 0.296386 0.000947846 -0.00150196 0.987879 0.501205 0.00242424 -0.00481928
0.455758 0.291566 0.000947846 -0.00150196 0.987879 0.501205 0.00242424 -0.00481928
0.458182 0.286747 0.000947846 -0.00150196 0.987879 0.501205 0.00727273 -0.0144578
0.465455 0.272289 0.000947846 -0.00150196 0.987879 0.501205 0.00242424 -0.00481928
0.467879 0.26747 0.000947846 -0.00150196 0.987879 0.501205 0.00242424 -0.00481928
0.470303 0.262651 0.000947846 -0.00150196 0.987879 0.501205 0.00242424 -0.00481928
0.472727 0.257831 0.000947846 -0.00150196 0.987879 0.501205 0.00727273 -0.0144578
0.48 0.243373 0.000947846 -0.00150196 0.987879 0.501205 0.00242424 -0.00481928
0.482424 0.238554 0.000947846 -0.00150196 0.987879 0.501205 0.00242424 -0.00481928
0.484848 0.233735 0.000947846 -0.00150196 0.987879 0.501205 0.00242424 -0.00481928
0.487273 0.228916 0.000947846 -0.00150196 0.987879 0.501205 0.00727273 -0.0144578
0.494545 0.214458 0.000947846 -0.00150196 0.987879 0.501205 0.00242424 -0.00481928
0.49697 0.209639 0.000947846 -0.00150196 0.987879 0.501205 0.00242424 -0.00481928
0.499394 0.204819 0.000947846 -0.00150196 0.987879 0.501205 0.00242424 -0.00481928
0.501818 0.2 0.000947846 -0.00150196 0.987879 0.501205 0.00727273 -0.0144578
0.509091 0.185542 0.000947846 -0.00150196 0.987879 0.501205 0.00242424 -0.00481928
0.511515 0.180723 0.000947846 -0.00150196 0.987879 0.501205 0.00242424 -0.00481928
0.513939 0.175904 0.000947846 -0.00150196 0.987879 0.501205 0.00242424 -0.00481928
0.516364 0.171084 0.000947846 -0.00150196 0.987879 0.501205 0.00727273 -0.0144578
0.523636 0.156627 0.000947846 -0.00150196 0.987879 0.501205 0.00242424 -0.00481928
0.526061 0.151807 0.000947846 -0.00150196 0.987879 0.501205 0.00242424 -0.00481928
0.528485 0.146988 0.000947846 -0.00150196 0.987879 0.501205 0.00242424 -0.00481928
0.530909 0.142169 0.000947846 -0.00150196 0.987879 0.501205 0.00727273 -0.0144578
0.538182 0.127711 0.000947846 -0.00150196 0.987879 0.501205 0.00242424 -0.00481928
0.540606 0.122892 0.000947846 -0.00150196 0.987879 0.501205 0.00242424 -0.00481928
0.54303 0.118072 0.000947846 -0.00150196 0.987879 0.501205 0.00242424 -0.00481928
0.545455 0.113253 0.000947846 -0.00150196 0.987879 0.501205 0.00727273 0.00722892
0.552727 0.120482 0.000947846 0.00150196 0.987879 0.501205 0.00242424 0.00240964
0.555152 0.122892 0.000947846 0.00150196 0.987879 0.501205 0.00242424 0.00240964
0.557576 0.125301 0.000947846 0.00150196 0.987879 0.501205 0.00242424 0.00240964
0.56 0.127711 0.000947846 0.00150196 0.987879 0.503614 0.00727273 0.00722892
0.567273 0.13494 0.000947846 0.00150196 0.989091 0.515663 0.00242424 0.00240964
0.569697 0.137349 0.000947846 0.00150196 0.989091 0.518072 0.00242424 0.00240964
0.572121 0.139759 0.000947846 0.00150196 0.989091 0.518072 0.00242424 0.00240964
0.574545 0.142169 0.000947846 0.00150196 0.989091 0.518072 0.00727273 0.00722892
0.581818 0.149398 0.000947846 0.00150196 0.989091 0.520482 0.00242424 0.00240964
0.584242 0.151807 0.000947846 0.00150196 0.989091 0.527711 0.00242424 0.00240964
0.586667 0.154217 0.000947846 0.00150196 0.989091 0.53012 0.00242424 0.00240964
0.589091 0.156627 0.000947846 0.00150196 0.989091 0.53253 0.00727273 0.00722892
0.596364 0.163855 0.000947846 0.00150196 0.989091 0.53253 0.00242424 0.00240964
0.598788 0.166265 0.000947846 0.00150196 0.989091 0.53253 0.00242424 0.00240964
0.601212 0.168675 0.000947846 0.00150196 0.989091 0.53253 0.00242424 0.00240964
0.603636 0.171084 0.000947846 0.00150196 0.989091 0.53253 0.00727273 0.00722892
0.610909 0.178313 0.000947846 0.00150196 0.989091 0.53253 0.00242424 0.00240964
0.613333 0.180723 0.000947846 0.00150196 0.989091 0.53253 0.00242424 0.00240964
0.615758 0.183133 0.000947846 0.00150196 0.989091 0.53253 0.00242424 0.00240964
0.618182 0.185542 0.000947846 0.00150196 0.989091 0.53253 0.00727273 0.00722892
0.625455 0.192771 0.000947846 0.00150196 0.989091 0.53253 0.00242424 0.00240964
0.627879 0.195181 0.000947846 0.00150196 0.989091 0.53253 0.00242424 0.00240964
0.630303 0.19759 0.000947846 0.00150196 0.989091 0.53253 0.00242424 0.00240964
0.632727 0.2 0.000947846 0.00150196 0.989091 0.53253 0.00727273 0.00722892
0.64 0.207229 0.000947846 0.00150196 0.989091 0.53253 0.00242424 0.00240964
0.642424 0.209639 0.000947846 0.00150196 0.989091 0.53012 0.00242424 0.00240964
0.644848 0.212048 0.000947846 0.00150196 0.989091 0.53012 0.00242424 0.00240964
0.647273 0.214458 0.000947846 0.00150196 0.989091 0.53012 0.00727273 0.00722892
0.654545 0.221687 0.000947846 0.00150196 0.989091 0.527711 0.00242424 0.00240964
0.65697 0.224096 0.000947846 0.00150196 0.989091 0.527711 0.00242424 0.00240964
0.659394 0.226506 0.000947846 0.00150196 0.989091 0.527711 0.00242424 0.00240964
0.661818 0.228916 0.000947846 0.00150196 0.989091 0.527711 0.00727273 0.00722892
0.669091 0.236145 0.000947846 0.00150196 0.989091 0.527711 0.00242424 0.00240964
0.671515 0.238554 0.000947846 0.00150196 0.989091 0.527711 0.00242424 0.00240964
0.673939 0.240964 0.000947846 0.00150196 0.989091 0.527711 0.00242424 0.00240964
0.676364 0.243373 0.000947846 0.00150196 0.989091 0.527711 0.00727273 0.00722892
0.683636 0.250602 0.000947846 0.00150196 0.989091 0.527711 0.00242424 0.00240964
0.686061 0.253012 0.000947846 0.00150196 0.989091 0.527711 0.00242424 0.00240964
0.688485 0.255422 0.000947846 0.00150196 0.989091 0.527711 0.00242424 0.00240964
0.690909 0.257831 0.000947846 0.00150196 0.989091 0.527711 0.00727273 0.00722892
0.698182 0.26506 0.000947846 0.00150196 0.989091 0.527711 0.00242424 0.00240964
0.700606 0.26747 0.000947846 0.00150196 0.989091 0.527711 0.00242424 0.00240964
0.70303 0.26988 0.000947846 0.00150196 0.989091 0.527711 0.00242424 0.00240964
0.705455 0.272289 0.000947846 0.00150196 0.989091 0.527711 0.00727273 0.00722892
0.712727 0.279518 0.000947846 0.00150196 0.989091 0.527711 0.00242424 0.00240964
0.715152 0.281928 0.000947846 0.00150196 0.989091 0.527711 0.00242424 0.00240964
0.717576 0.284337 0.000947846 0.00150196 0.989091 0.527711 0.00242424 0.00240964
0.72 0.286747 0.000947846 0.00150196 0.989091 0.527711 0.00727273 0.00722892
0.727273 0.293976 0.000947846 0.00150196 0.989091 0.527711 0.00242424 0.00240964
0.729697 0.296386 0.000947846 0.00150196 0.989091 0.527711 0.00242424 0.00240964
0.732121 0.298795 0.000947846 0.00150196 0.989091 0.527711 0.00242424 0.00240964
0.734545 0.301205 0.000947846 0.00150196 0.989091 0.527711 0.00727273 0.00722892
0.741818 0.308434 0.000947846 0.00150196 0.989091 0.527711 0.00242424 0.00240964
0.744242 0.310843 0.000947846 0.00150196 0.989091 0.527711 0.00242424 0.00240964
0.746667 0.313253 0.000947846 0.00150196 0.989091 0.527711 0.00242424 0.00240964
0.749091 0.315663 0.000947846 0.00150196 0.989091 0.527711 0.00727273 0.00722892
0.756364 0.322892 0.000947846 0.00150196 0.989091 0.527711 0.00242424 0.00240964
0.758788 0.325301 0.000947846 0.00150196 0.989091 0.527711 0.00242424 0.00240964
0.761212 0.327711 0.000947846 0.00150196 0.989091 0.527711 0.00242424 0.00240964
0.763636 0.33012 0.000947846 0.00150196 0.989091 0.527711 0.00727273 0.00722892
0.770909 0.337349 0.000947846 0.00150196 0.989091 0.527711 0.00242424 0.00240964
0.773333 0.339759 0.000947846 0.00150196 0.989091 0.527711 0.00242424 0.00240964
0.775758 0.342169 0.000947846 0.00150196 0.989091 0.527711 0.00242424 0.00240964
0.778182 0.344578 0.000947846 0.00150196 0.989091 0.527711 0.00727273 0.00722892
0.785455 0.351807 0.000947846 0.00150196 0.989091 0.527711 0.00242424 0.00240964
0.787879 0.354217 0.000947846 0.00150196 0.989091 0.527711 0.00242424 0.00240964
0.790303 0.356627 0.000947846 0.00150196 0.989091 0.527711 0.00242424 0.00240964
0.792727 0.359036 0.000947846 0.00150196 0.989091 0.527711 0.00727273 0.00722892
0.8 0.366265 0.000947846 0.00150196 0.989091 0.527711 0.00242424 0.00240964
0.802424 0.368675 0.000947846 0.00150196 0.989091 0.527711 0.00242424 0.00240964
0.804848 0.371084 0.000947846 0.00150196 0.989091 0.527711 0.00242424 0.00240964
0.807273 0.373494 0.000947846 0.00150196 0.989091 0.527711 0.00727273 0.00722892
0.814545 0.380723 0.000947846 0.00150196 0.989091 0.527711 0.00242424 0.00240964
0.81697 0.383133 0.000947846 0.00150196 0.989091 0.527711 0.00242424 0.00240964
0.819394 0.385542 0.000947846 0.00150196 0.989091 0.527711 0.00242424 0.00240964
0.821818 0.387952 0.000947846 0.00150196 0.989091 0.527711 0.00727273 0.00722892
0.829091 0.395181 0.000947846 0.00150196 0.989091 0.527711 0.00242424 0.00240964
0.831515 0.39759 0.000947846 0.00150196 0.989091 0.527711 0.00242424 0.00240964
0.833939 0.4 0.000947846 0.00150196 0.989091 0.527711 0.00242424 0.00240964
0.836364 0.40241 0.000947846 0.00150196 0.989091 0.527711 0.00727273 0.00722892
0.843636 0.409639 0.000947846 0.00150196 0.989091 0.527711 0.00242424 0.00240964
0.846061 0.412048 0.000947846 0.00150196 0.989091 0.527711 0.00242424 0.00240964
0.848485 0.414458 0.000947846 0.00150196 0.989091 0.527711 0.00242424 0.00240964
0.850909 0.416867 0.000947846 0.00150196 0.989091 0.527711 0.00727273 0.00722892
0.858182 0.424096 0.000947846 0.00150196 0.989091 0.527711 0.00242424 0.00240964
0.860606 0.426506 0.000947846 0.00150196 0.989091 0.527711 0.00242424 0.00240964
0.86303 0.428916 0.000947846 0.00150196 0.989091 0.527711 0.00242424 0.00240964
0.865455 0.431325 0.000947846 0.00150196 0.989091 0.527711 0.00727273 0.00722892
0.872727 0.438554 0.000947846 0.00150196 0.989091 0.527711 0.00242424 0.00240964
0.875152 0.440964 0.000947846 0.00150196 0.989091 0.527711 0.00242424 0.00240964
0.877576 0.443373 0.000947846 0.00150196 0.989091 0.527711 0.00242424 0.00240964
0.88 0.445783 0.000947846 0.00150196 0.989091 0.527711 -0.733333 -0.284337
0.146667 0.161446 -0.00106412 -0.00115386 0.989091 0.527711 -0.00484848 -0.00481928
0.141818 0.156627 -0.00106412 -0.00115386 0.989091 0.527711 -0.00484848 -0.00481928
0.13697 0.151807 -0.00106412 -0.00115386 0.989091 0.527711 -0.00484848 -0.00481928
0.132121 0.146988 -0.00106412 -0.00115386 0.989091 0.527711 -0.0145455 -0.0144578
0.117576 0.13253 -0.00106412 -0.00115386 0.989091 0.527711 -0.00484848 -0.00481928
0.112727 0.127711 -0.00106412 -0.00115386 0.989091 0.527711 -0.00484848 -0.00481928
0.107879 0.122892 -0.00106412 -0.00115386 0.989091 0.527711 -0.00484848 -0.00481928
0.10303 0.118072 -0.00106412 -0.00115386 0.989091 0.527711 -0.0145455 0
0.0884848 0.118072 -0.00106412 0.00115386 0.989091 0.527711 -0.00484848 0.00240964
0.0836364 0.120482 -0.00106412 0.00115386 0.989091 0.527711 -0.00484848 0.00240964
0.0787879 0.122892 -0.00106412 0.00115386 0.989091 0.53012 -0.00484848 0.00240964
0.0739394 0.125301 -0.00106412 0.00115386 0.989091 0.53012 -0.0145455 0.00722892
0.0593939 0.13253 -0.00106412 0.00115386 0.989091 0.53253 -0.00484848 0.00240964
0.0545455 0.13494 -0.00106412 0.00115386 0.989091 0.53253 -0.00484848 0.00240964
0.049697 0.137349 -0.00106412 0.00115386 0.989091 0.53253 -0.00121212 0.00240964
0.0484848 0.139759 0.00106412 0.00115386 0.989091 0.53012 0.0109091 0.00722892
0.0593939 0.146988 0.00106412 0.00115386 0.989091 0.53012 0.00363636 0.00240964
0.0630303 0.149398 0.00106412 0.00115386 0.989091 0.53012 0.00363636 0.00240964
0.0666667 0.151807 0.00106412 0.00115386 0.989091 0.53012 0.00363636 0.00240964
0.070303 0.154217 0.00106412 0.00115386 0.989091 0.53012 0.0109091 0.00722892
0.0812121 0.161446 0.00106412 0.00115386 0.989091 0.53012 0.00363636 0.00240964
0.0848485 0.163855 0.00106412 0.00115386 0.989091 0.53012 0.00363636 0.00240964
0.0884848 0.166265 0.00106412 0.00115386 0.989091 0.53012 0.00363636 0.00240964
0.0921212 0.168675 0.00106412 0.00115386 0.989091 0.53012 0.0109091 0.00722892
0.10303 0.175904 0.00106412 0.00115386 0.989091 0.53012 0.00363636 0.00240964
0.106667 0.178313 0.00106412 0.00115386 0.989091 0.53012 0.00363636 0.00240964
0.110303 0.180723 0.00106412 0.00115386 0.989091 0.53012 0.00363636 0.00240964
0.113939 0.183133 0.00106412 0.00115386 0.989091 0.53012 0.0109091 0.00722892
0.124848 0.190361 0.00106412 0.00115386 0.989091 0.53012 0.00363636 0.00240964
0.128485 0.192771 0.00106412 0.00115386 0.989091 0.53012 0.00363636 0.00240964
0.132121 0.195181 0.00106412 0.00115386 0.989091 0.53012 0.00363636 0.00240964
0.135758 0.19759 0.00106412 0.00115386 0.989091 0.53012 0.0109091 0.00722892
0.146667 0.204819 0.00106412 0.00115386 0.989091 0.53012 0.00363636 0.00240964
0.150303 0.207229 0.00106412 0.00115386 0.989091 0.53012 0.00363636 0.00240964
0.153939 0.209639 0.00106412 0.00115386 0.989091 0.53012 0.00363636 0.00240964
0.157576 0.212048 0.00106412 0.00115386 0.989091 0.53012 0.0109091 0.00722892
0.168485 0.219277 0.00106412 0.00115386 0.989091 0.53012 0.00363636 0.00240964
0.172121 0.221687 0.00106412 0.00115386 0.989091 0.53012 0.00363636 0.00240964
0.175758 0.224096 0.00106412 0.00115386 0.989091 0.53012 0.00363636 0.00240964
0.179394 0.226506 0.00106412 0.00115386 0.989091 0.53012 0.0109091 0.00722892
0.190303 0.233735 0.00106412 0.00115386 0.989091 0.53012 0.00363636 0.00240964
0.193939 0.236145 0.00106412 0.00115386 0.989091 0.53012 0.00363636 0.00240964
0.197576 0.238554 0.00106412 0.00115386 0.989091 0.53012 0.00363636 0.00240964
0.201212 0.240964 0.00106412 0.00115386 0.989091 0.53012 0.0109091 0.00722892
0.212121 0.248193 0.00106412 0.00115386 0.989091 0.53012 0.00363636 0.00240964
0.215758 0.250602 0.00106412 0.00115386 0.989091 0.53012 0.00363636 0.00240964
0.219394 0.253012 0.00106412 0.00115386 0.989091 0.53012 0.00363636 0.00240964
0.22303 0.255422 0.00106412 0.00115386 0.989091 0.53012 0.0109091 0.00722892
0.233939 0.262651 0.00106412 0.00115386 0.989091 0.53012 0.00363636 0.00240964
0.237576 0.26506 0.00106412 0.00115386 0.989091 0.53012 0.00363636 0.00240964
0.241212 0.26747 0.00106412 0.00115386 0.989091 0.53012 0.00363636 0.00240964
0.244848 0.26988 0.00106412 0.00115386 0.989091 0.53012 0.0109091 0.00722892
0.255758 0.277108 0.00106412 0.00115386 0.989091 0.53012 0.00363636 0.00240964
0.259394 0.279518 0.00106412 0.00115386 0.989091 0.53012 0.00363636 0.00240964
0.26303 0.281928 0.00106412 0.00115386 0.989091 0.53012 0.00363636 0.00240964
0.266667 0.284337 0.00106412 0.00115386 0.989091 0.53012 0.0109091 0.00722892
0.277576 0.291566 0.00106412 0.00115386 0.989091 0.53012 0.00363636 0.00240964
0.281212 0.293976 0.00106412 0.00115386 0.989091 0.53012 0.00363636 0.00240964
0.284848 0.296386 0.00106412 0.00115386 0.989091 0.53012 0.00363636 0.00240964
0.288485 0.298795 0.00106412 0.00115386 0.989091 0.53012 0.0109091 0.00722892
0.299394 0.306024 0.00106412 0.00115386 0.989091 0.53012 0.00363636 0.00240964
0.30303 0.308434 0.00106412 0.00115386 0.989091 0.53012 0.00363636 0.00240964
0.306667 0.310843 0.00106412 0.00115386 0.989091 0.53012 0.00363636 0.00240964
0.310303 0.313253 0.00106412 0.00115386 0.989091 0.53012 0.0109091 0.00722892
0.321212 0.320482 0.00106412 0.00115386 0.989091 0.53012 0.00363636 0.00240964
0.324848 0.322892 0.00106412 0.00115386 0.989091 0.53012 0.00363636 0.00240964
0.328485 0.325301 0.00106412 0.00115386 0.989091 0.53012 0.00363636 0.00240964
0.332121 0.327711 0.00106412 0.00115386 0.989091 0.53012 0.0109091 0.00722892
0.34303 0.33494 0.00106412 0.00115386 0.989091 0.53012 0.00363636 0.00240964
0.346667 0.337349 0.00106412 0.00115386 0.989091 0.53012 0.00363636 0.00240964
0.350303 0.339759 0.00106412 0.00115386 0.989091 0.53012 0.00363636 0.00240964
0.353939 0.342169 0.00106412 0.00115386 0.989091 0.53012 0.0109091 0.00722892
0.364848 0.349398 0.00106412 0.00115386 0.989091 0.53012 0.00363636 0.00240964
0.368485 0.351807 0.00106412 0.00115386 0.989091 0.53012 0.00363636 0.00240964
0.372121 0.354217 0.00106412 0.00115386 0.989091 0.53012 0.00363636 0.00240964
0.375758 0.356627 0.00106412 0.00115386 0.989091 0.53012 0.0109091 0.00722892
0.386667 0.363855 0.00106412 0.00115386 0.989091 0.53012 0.00363636 0.00240964
0.390303 0.366265 0.00106412 0.00115386 0.989091 0.53012 0.00363636 0.00240964
0.393939 0.368675 0.00106412 0.00115386 0.989091 0.53012 0.00363636 0.00240964
0.397576 0.371084 0.00106412 0.00115386 0.989091 0.53012 0.0109091 0.00722892
0.408485 0.378313 0.00106412 0.00115386 0.989091 0.53012 0.00363636 0.00240964
0.412121 0.380723 0.00106412 0.00115386 0.989091 0.53012 0.00363636 0.00240964
0.415758 0.383133 0.00106412 0.00115386 0.989091 0.53012 0.00363636 0.00240964
0.419394 0.385542 0.00106412 0.00115386 0.989091 0.53012 0.0109091 0.00722892
0.430303 0.392771 0.00106412 0.00115386 0.989091 0.53012 0.00363636 0.00240964
0.433939 0.395181 0.00106412 0.00115386 0.989091 0.53012 0.00363636 0.00240964
0.437576 0.39759 0.00106412 0.00115386 0.989091 0.53012 0.00363636 0.00240964
0.441212 0.4 0.00106412 0.00115386 0.989091 0.53012 0.0109091 0.00722892
0.452121 0.407229 0.00106412 0.00115386 0.989091 0.53012 0.00363636 0.00240964
0.455758 0.409639 0.00106412 0.00115386 0.989091 0.53012 0.00363636 0.00240964
0.459394 0.412048 0.00106412 0.00115386 0.989091 0.53012 0.00363636 0.00240964
0.46303 0.414458 0.00106412 0.00115386 0.989091 0.53012 0.0109091 0.00722892
0.473939 0.421687 0.00106412 0.00115386 0.989091 0.53012 0.00363636 0.00240964
0.477576 0.424096 0.00106412 0.00115386 0.989091 0.53012 0.00363636 0.00240964
0.481212 0.426506 0.00106412 0.00115386 0.989091 0.53012 0.00363636 0.00240964
0.484848 0.428916 0.00106412 0.00115386 0.989091 0.53012 0.0109091 0.00722892
0.495758 0.436145 0.00106412 0.00115386 0.989091 0.53012 0.00363636 0.00240964
0.499394 0.438554 0.00106412 0.00115386 0.989091 0.53012 0.00363636 0.00240964
0.50303 0.440964 0.00106412 0.00115386 0.989091 0.53012 0.00363636 0.00240964
0.506667 0.443373 0.00106412 0.00115386 0.989091 0.53012 0.0109091 0.00722892
0.517576 0.450602 0.00106412 0.00115386 0.989091 0.53012 0.00363636 0.00240964
0.521212 0.453012 0.00106412 0.00115386 0.989091 0.53012 0.00363636 0.00240964
0.524848 0.455422 0.00106412 0.00115386 0.989091 0.53012 0.00363636 0.00240964
0.528485 0.457831 0.00106412 0.00115386 0.989091 0.53012 0.0109091 0.00722892
0.539394 0.46506 0.00106412 0.00115386 0.989091 0.561446 0.00363636 0.00240964
0.54303 0.46747 0.00106412 0.00115386 0.989091 0.561446 0.00363636 0.00240964
0.546667 0.46988 0.00106412 0.00115386 0.989091 0.563855 0.00363636 0.00240964
0.550303 0.472289 0.00106412 0.00115386 0.989091 0.563855 0.0109091 0.00722892
0.561212 0.479518 0.00106412 0.00115386 0.989091 0.568675 0.00363636 0.00240964
0.564848 0.481928 0.00106412 0.00115386 0.989091 0.568675 0.00363636 0.00240964
0.568485 0.484337 0.00106412 0.00115386 0.989091 0.571084 0.00363636 0.00240964
0.572121 0.486747 0.00106412 0.00115386 0.989091 0.571084 0.0109091 0.00722892
0.58303 0.493976 0.00106412 0.00115386 0.989091 0.571084 0.00363636 0.00240964
0.586667 0.496386 0.00106412 0.00115386 0.989091 0.571084 0.00363636 0.00240964
0.590303 0.498795 0.00106412 0.00115386 0.990303 0.580723 0.00363636 0.00240964
0.593939 0.501205 0.00106412 0.00115386 0.990303 0.583133 0.0109091 0.00722892
0.604848 0.508434 0.00106412 0.00115386 0.990303 0.585542 0.00363636 0.00240964
0.608485 0.510843 0.00106412 0.00115386 0.990303 0.585542 0.00363636 0.00240964
0.612121 0.513253 0.00106412 0.00115386 0.990303 0.585542 0.00363636 0.00240964
0.615758 0.515663 0.00106412 0.00115386 0.990303 0.587952 0.0109091 0.00722892
0.626667 0.522892 0.00106412 0.00115386 0.990303 0.604819 0.00363636 0.00240964
0.630303 0.525301 0.00106412 0.00115386 0.990303 0.604819 0.00363636 0.00240964
0.633939 0.527711 0.00106412 0.00115386 0.990303 0.604819 0.00363636 0.00240964
0.637576 0.53012 0.00106412 0.00115386 0.990303 0.607229 0.0109091 0.00722892
0.648485 0.537349 0.00106412 0.00115386 0.990303 0.607229 0.00363636 0.00240964
0.652121 0.539759 0.00106412 0.00115386 0.990303 0.609639 0.00363636 0.00240964
0.655758 0.542169 0.00106412 0.00115386 0.990303 0.609639 0.00363636 0.00240964
0.659394 0.544578 0.00106412 0.00115386 0.989091 0.612048 0.0109091 0.00722892
0.670303 0.551807 0.00106412 0.00115386 0.989091 0.614458 0.00363636 0.00240964
0.673939 0.554217 0.00106412 0.00115386 0.989091 0.616867 0.00363636 0.00240964
0.677576 0.556627 0.00106412 0.00115386 0.989091 0.619277 0.00363636 0.00240964
0.681212 0.559036 0.00106412 0.00115386 0.989091 0.619277 0.0109091 0.00722892
0.692121 0.566265 0.00106412 0.00115386 0.987879 0.624096 0.00363636 0.00240964
0.695758 0.568675 0.00106412 0.00115386 0.987879 0.624096 0.00363636 0.00240964
0.699394 0.571084 0.00106412 0.00115386 0.987879 0.624096 0.00363636 0.00240964
0.70303 0.573494 0.00106412 0.00115386 0.987879 0.624096 0.0109091 0.00722892
0.713939 0.580723 0.00106412 0.00115386 0.987879 0.626506 0.00363636 0.00240964
0.717576 0.583133 0.00106412 0.00115386 0.987879 0.626506 0.00363636 0.00240964
0.721212 0.585542 0.00106412 0.00115386 0.987879 0.628916 0.00363636 0.00240964
0.724848 0.587952 0.00106412 0.00115386 0.987879 0.628916 0.0109091 0.00722892
0.735758 0.595181 0.00106412 0.00115386 0.987879 0.631325 0.00363636 0.00240964
0.739394 0.59759 0.00106412 0.00115386 0.987879 0.631325 0.00363636 0.00240964
0.74303 0.6 0.00106412 0.00115386 0.987879 0.633735 0.00363636 0.00240964
0.746667 0.60241 0.00106412 0.00115386 0.987879 0.633735 0.0109091 0.00722892
0.757576 0.609639 0.00106412 0.00115386 0.987879 0.633735 0.00363636 0.00240964
0.761212 0.612048 0.00106412 0.00115386 0.987879 0.633735 0.00363636 0.00240964
0.764848 0.614458 0.00106412 0.00115386 0.987879 0.636145 0.00363636 0.00240964
0.768485 0.616867 0.00106412 0.00115386 0.987879 0.636145 0.0109091 0.00722892
0.779394 0.624096 0.00106412 0.00115386 0.987879 0.640964 0.00363636 0.00240964
0.78303 0.626506 0.00106412 0.00115386 0.987879 0.640964 0.00363636 0.00240964
0.786667 0.628916 0.00106412 0.00115386 0.987879 0.643373 0.00363636 0.00240964
0.790303 0.631325 0.00106412 0.00115386 0.987879 0.645783 0.0109091 0.00722892
0.801212 0.638554 0.00106412 0.00115386 0.987879 0.645783 0.00363636 0.00240964
0.804848 0.640964 0.00106412 0.00115386 0.987879 0.648193 0.00363636 0.00240964
0.808485 0.643373 0.00106412 0.00115386 0.987879 0.648193 0.00363636 0.00240964
0.812121 0.645783 0.00106412 0.00115386 0.987879 0.648193 0.0109091 0.00722892
0.82303 0.653012 0.00106412 0.00115386 0.987879 0.650602 0.00363636 0.00240964
0.826667 0.655422 0.00106412 0.00115386 0.986667 0.653012 0.00363636 0.00240964
0.830303 0.657831 0.00106412 0.00115386 0.986667 0.657831 0.00363636 0.00240964
0.833939 0.660241 0.00106412 0.00115386 0.986667 0.660241 0.0109091 0.00722892
0.844848 0.66747 0.00106412 0.00115386 0.986667 0.66506 0.00363636 0.00240964
0.848485 0.66988 0.00106412 0.00115386 0.986667 0.66747 0.00363636 0.00240964
0.852121 0.672289 0.00106412 0.00115386 0.986667 0.66747 0.00363636 0.00240964
0.855758 0.674699 0.00106412 0.00115386 0.986667 0.66747 0.0109091 0.00722892
0.866667 0.681928 0.00106412 0.00115386 0.985455 0.689157 0.00363636 0.00240964
0.870303 0.684337 0.00106412 0.00115386 0.984242 0.701205 0.00363636 0.00240964
0.873939 0.686747 0.00106412 0.00115386 0.984242 0.703614 0.00363636 0.00240964
0.877576 0.689157 0.00106412 0.00115386 0.984242 0.703614 0.0109091 0.00722892
0.888485 0.696386 0.00106412 0.00115386 0.984242 0.706024 0.00363636 0.00240964
0.892121 0.698795 0.00106412 0.00115386 0.984242 0.706024 0.00363636 0.00240964
0.895758 0.701205 0.00106412 0.00115386 0.98303 0.706024 0.00363636 0.00240964
0.899394 0.703614 0.00106412 0.00115386 0.98303 0.706024 0.0109091 0.00722892
0.910303 0.710843 0.00106412 0.00115386 0.98303 0.706024 0.00363636 0.00240964
0.913939 0.713253 0.00106412 0.00115386 0.981818 0.706024 0.00363636 0.00240964
0.917576 0.715663 0.00106412 0.00115386 0.981818 0.706024 0.00363636 0.00240964
0.921212 0.718072 0.00106412 0.00115386 0.981818 0.706024 0.0109091 0.00722892
0.932121 0.725301 0.00106412 0.00115386 0.981818 0.706024 0.00363636 0.00240964
0.935758 0.727711 0.00106412 0.00115386 0.981818 0.706024 0.00363636 0.00240964
0.939394 0.73012 0.00106412 0.00115386 0.981818 0.706024 0.00363636 0.00240964
0.94303 0.73253 -0.00114629 0.000783325 0.981818 0.706024 -0.0145455 0.00722892
0.928485 0.739759 -0.00114629 0.000783325 0.981818 0.706024 -0.00484848 0.00240964
0.923636 0.742169 -0.00114629 0.000783325 0.981818 0.706024 -0.00484848 0.00240964
0.918788 0.744578 -0.00114629 0.000783325 0.981818 0.706024 -0.00484848 0.00240964
0.913939 0.746988 -0.00114629 0.000783325 0.981818 0.708434 -0.0145455 0.00722892
0.899394 0.754217 -0.00114629 0.000783325 0.980606 0.710843 -0.00484848 0.00240964
0.894545 0.756627 -0.00114629 0.000783325 0.980606 0.710843 -0.00484848 0.00240964
0.889697 0.759036 -0.00114629 0.000783325 0.980606 0.710843 -0.00484848 0.00240964
0.884848 0.761446 -0.00114629 0.000783325 0.980606 0.710843 -0.0145455 0.00722892
0.870303 0.768675 -0.00114629 0.000783325 0.980606 0.710843 -0.00484848 0.00240964
0.865455 0.771084 -0.00114629 0.000783325 0.984242 0.592771 -0.00484848 0.00240964
0.860606 0.773494 -0.00114629 0.000783325 0.98303 0.578313 -0.00484848 0.00240964
0.855758 0.775904 -0.00114629 0.000783325 0.98303 0.571084 -0.0145455 0.00722892
0.841212 0.783133 -0.00114629 0.000783325 0.98303 0.563855 -0.00484848 0.00240964
0.836364 0.785542 -0.00114629 0.000783325 0.98303 0.563855 -0.00484848 0.00240964
0.831515 0.787952 -0.00114629 0.000783325 0.98303 0.559036 -0.00484848 0.00240964
0.826667 0.790361 -0.00114629 0.000783325 0.98303 0.556627 -0.0145455 0.00722892
0.812121 0.79759 -0.00114629 0.000783325 0.984242 0.554217 -0.00484848 0.00240964
0.807273 0.8 -0.00114629 0.000783325 0.984242 0.554217 -0.00484848 0.00240964
0.802424 0.80241 -0.00114629 0.000783325 0.984242 0.551807 -0.00484848 0.00240964
0.797576 0.804819 -0.00114629 0.000783325 0.984242 0.551807 -0.630303 -0.0120482
0.167273 0.792771 -0.00115114 0.000754687 0.984242 0.546988 -0.00848485 0.00481928
0.158788 0.79759 -0.00115114 0.000754687 0.984242 0.544578 -0.00848485 0.00481928
0.150303 0.80241 -0.00115114 0.000754687 0.984242 0.544578 -0.00848485 0.00481928
0.141818 0.807229 -0.00115114 0.000754687 0.984242 0.544578 -0.0254545 0.0144578
0.116364 0.821687 -0.00115114 0.000754687 0.984242 0.544578 -0.00848485 0.00481928
0.107879 0.826506 -0.00115114 0.000754687 0.984242 0.544578 -0.00848485 0.00481928
0.0993939 0.831325 -0.00115114 0.000754687 0.984242 0.544578 -0.00848485 0.00481928
0.0909091 0.836145 -0.00115114 0.000754687 0.984242 0.544578 -0.0254545 0.0144578
0.0654545 0.850602 -0.00115114 0.000754687 0.984242 0.544578 -0.00848485 0.00481928
0.0569697 0.855422 -0.00115114 0.000754687 0.984242 0.544578 -0.00848485 0.00481928
0.0484848 0.860241 -0.00115114 0.000754687 0.984242 0.544578 0 0.00481928
0.0484848 0.86506 0.00115114 0.000754687 0.984242 0.544578 0.0218182 0.0144578
0.070303 0.879518 0.00115114 0.000754687 0.984242 0.544578 0.00727273 0.00481928
0.0775758 0.884337 0.00115114 0.000754687 0.984242 0.544578 0.00727273 0.00481928
0.0848485 0.889157 0.00115114 0.000754687 0.984242 0.544578 0.00727273 0.00481928
0.0921212 0.893976 0.00115114 0.000754687 0.984242 0.544578 0.0218182 0.0144578
0.113939 0.908434 0.00115114 0.000754687 0.984242 0.544578 0.00727273 0.00481928
0.121212 0.913253 0.00115114 0.000754687 0.984242 0.544578 0.00727273 0.00481928
0.128485 0.918072 0.00115114 0.000754687 0.984242 0.544578 0.00727273 0.00481928
0.135758 0.922892 0.00115114 0.000754687 0.984242 0.544578 0.0218182 0.0144578
0.157576 0.937349 0.00115114 0.000754687 0.984242 0.544578 0.00727273 0.00481928
0.164848 0.942169 0.00115114 0.000754687 0.984242 0.544578 0.00727273 0.00481928
0.172121 0.946988 0.00115114 0.000754687 0.984242 0.544578 0.00727273 0.00481928
0.179394 0.951807 0.00115114 0.000754687 0.984242 0.544578 0.0218182 0.0144578
0.201212 0.966265 0.00115114 0.000754687 0.984242 0.544578 0.00727273 0.00481928
0.208485 0.971084 0.00115114 0.000754687 0.984242 0.544578 0.00727273 0.00481928
0.215758 0.975904 0.00115114 0.000754687 0.984242 0.544578 0.00727273 0.00481928
0.22303 0.980723 0.00115114 0.000754687 0.984242 0.544578 0.0218182 0.0144578
0.244848 0.995181 0.00115114 0.000754687 0.984242 0.544578 0.00727273 0.00481928
0.252121 1 0.00115114 0.000754687 0.984242 0.544578 0.00727273 0.00481928
0.259394 1.00482 0.00115114 0.000754687 0.984242 0.544578 0.00727273 0
0.266667 1.00482 0.00115114 -0.000754687 0.984242 0.544578 0.0218182 -0.0216867
0.288485 0.983133 0.00115114 -0.000754687 0.984242 0.544578 0.00727273 -0.00722892
0.295758 0.975904 0.00115114 -0.000754687 0.984242 0.544578 0.00727273 -0.00722892
0.30303 0.968675 0.00115114 -0.000754687 0.984242 0.544578 0.00727273 -0.00722892
0.310303 0.961446 0.00115114 -0.000754687 0.984242 0.544578 0.0218182 -0.0216867
0.332121 0.939759 0.00115114 -0.000754687 0.984242 0.544578 0.00727273 -0.00722892
0.339394 0.93253 0.00115114 -0.000754687 0.984242 0.544578 0.00727273 -0.00722892
0.346667 0.925301 0.00115114 -0.000754687 0.984242 0.544578 0.00727273 -0.00722892
0.353939 0.918072 0.00115114 -0.000754687 0.984242 0.544578 0.0218182 -0.0216867
0.375758 0.896386 0.00115114 -0.000754687 0.984242 0.544578 0.00727273 -0.00722892
0.38303 0.889157 0.00115114 -0.000754687 0.984242 0.544578 0.00727273 -0.00722892
0.390303 0.881928 0.00115114 -0.000754687 0.984242 0.544578 0.00727273 -0.00722892
0.397576 0.874699 0.00115114 -0.000754687 0.984242 0.544578 0.0218182 -0.0216867
0.419394 0.853012 0.00115114 -0.000754687 0.984242 0.544578 0.00727273 -0.00722892
0.426667 0.845783 0.00115114 -0.000754687 0.984242 0.544578 0.00727273 -0.00722892
0.433939 0.838554 0.00115114 -0.000754687 0.984242 0.544578 0.00727273 -0.00722892
0.441212 0.831325 0.00115114 -0.000754687 0.984242 0.544578 0.0218182 -0.0216867
0.46303 0.809639 0.00115114 -0.000754687 0.984242 0.544578 0.00727273 -0.00722892
0.470303 0.80241 0.00115114 -0.000754687 0.984242 0.544578 0.00727273 -0.00722892
0.477576 0.795181 0.00115114 -0.000754687 0.984242 0.544578 0.00727273 -0.00722892
0.484848 0.787952 0.00115114 -0.000754687 0.984242 0.544578 0.0218182 -0.0216867
0.506667 0.766265 0.00115114 -0.000754687 0.984242 0.544578 0.00727273 -0.00722892
0.513939 0.759036 0.00115114 -0.000754687 0.984242 0.544578 0.00727273 -0.00722892
0.521212 0.751807 0.00115114 -0.000754687 0.984242 0.544578 0.00727273 -0.00722892
0.528485 0.744578 0.00115114 -0.000754687 0.984242 0.544578 0.0218182 -0.0216867
0.550303 0.722892 0.00115114 -0.000754687 0.984242 0.544578 0.00727273 -0.00722892
0.557576 0.715663 0.00115114 -0.000754687 0.984242 0.544578 0.00727273 -0.00722892
0.564848 0.708434 0.00115114 -0.000754687 0.984242 0.544578 0.00727273 -0.00722892
0.572121 0.701205 0.00115114 -0.000754687 0.984242 0.544578 0.0218182 -0.0216867
0.593939 0.679518 0.00115114 -0.000754687 0.984242 0.544578 0.00727273 -0.00722892
0.601212 0.672289 0.00115114 -0.000754687 0.984242 0.544578 0.00727273 -0.00722892
0.608485 0.66506 0.00115114 -0.000754687 0.984242 0.544578 0.00727273 -0.00722892
0.615758 0.657831 0.00115114 -0.000754687 0.984242 0.544578 0.0218182 -0.0216867
0.637576 0.636145 0.00115114 -0.000754687 0.98303 0.53253 0.00727273 -0.00722892
0.644848 0.628916 0.00115114 -0.000754687 0.98303 0.53012 0.00727273 -0.00722892
0.652121 0.621687 0.00115114 -0.000754687 0.984242 0.518072 0.00727273 -0.00722892
0.659394 0.614458 0.00115114 -0.000754687 0.985455 0.513253 0.0218182 -0.0216867
0.681212 0.592771 0.00115114 -0.000754687 0.985455 0.510843 0.00727273 -0.00722892
0.688485 0.585542 0.00115114 -0.000754687 0.985455 0.508434 0.00727273 -0.00722892
0.695758 0.578313 0.00115114 -0.000754687 0.986667 0.506024 0.00727273 -0.00722892
0.70303 0.571084 0.00115114 -0.000754687 0.986667 0.503614 0.0218182 -0.0216867
0.724848 0.549398 0.00115114 -0.000754687 0.986667 0.503614 0.00727273 -0.00722892
0.732121 0.542169 0.00115114 -0.000754687 0.986667 0.503614 0.00727273 -0.00722892
0.739394 0.53494 0.00115114 -0.000754687 0.986667 0.503614 0.00727273 -0.00722892
0.746667 0.527711 0.00115114 -0.000754687 0.986667 0.503614 0.0218182 -0.0216867
0.768485 0.506024 0.00115114 -0.000754687 0.986667 0.501205 0.00727273 -0.00722892
0.775758 0.498795 0.00115114 -0.000754687 0.986667 0.501205 0.00727273 -0.00722892
0.78303 0.491566 0.00115114 -0.000754687 0.986667 0.498795 0.00727273 -0.00722892
0.790303 0.484337 0.00115114 -0.000754687 0.986667 0.498795 0.0218182 -0.0216867
0.812121 0.462651 0.00115114 -0.000754687 0.986667 0.498795 0.00727273 -0.00722892
0.819394 0.455422 0.00115114 -0.000754687 0.986667 0.498795 0.00727273 -0.00722892
0.826667 0.448193 0.00115114 -0.000754687 0.986667 0.498795 0.00727273 -0.00722892
0.833939 0.440964 0.00115114 -0.000754687 0.986667 0.498795 0.0218182 -0.0216867
0.855758 0.419277 0.00115114 -0.000754687 0.986667 0.496386 0.00727273 -0.00722892
0.86303 0.412048 0.00115114 -0.000754687 0.986667 0.496386 0.00727273 -0.00722892
0.870303 0.404819 0.00115114 -0.000754687 0.986667 0.496386 0.00727273 -0.00722892
0.877576 0.39759 0.00115114 -0.000754687 0.986667 0.496386 0.0218182 -0.0216867
0.899394 0.375904 0.00115114 -0.000754687 0.986667 0.496386 0.00727273 -0.00722892
0.906667 0.368675 0.00115114 -0.000754687 0.986667 0.501205 0.00727273 -0.00722892
0.913939 0.361446 0.00115114 -0.000754687 0.986667 0.501205 0.00727273 -0.00722892
0.921212 0.354217 0.00115114 -0.000754687 0.986667 0.501205 0.0218182 -0.0216867
0.94303 0.33253 0.00115114 -0.000754687 0.986667 0.525301 0.00727273 -0.00722892
0.950303 0.325301 0.00115114 -0.000754687 0.986667 0.53012 0.00727273 -0.00722892
0.957576 0.318072 0.00115114 -0.000754687 0.986667 0.53253 0.00727273 -0.00722892
0.964848 0.310843 0.00115114 -0.000754687 0.986667 0.537349 0.0218182 -0.0216867
0.986667 0.289157 0.00115114 -0.000754687 0.986667 0.542169 0.00727273 -0.00722892
0.993939 0.281928 0.00115114 -0.000754687 0.986667 0.542169 0.00727273 -0.00722892
1.00121 0.274699 0.00115114 -0.000754687 0.986667 0.542169 0.00121212 -0.00722892
1.00242 0.26747 -0.00115114 -0.000754687 0.986667 0.544578 -0.0254545 -0.0216867
0.97697 0.245783 -0.00115114 -0.000754687 0.986667 0.546988 -0.00848485 -0.00722892
0.968485 0.238554 -0.00115114 -0.000754687 0.986667 0.546988 -0.00848485 -0.00722892
0.96 0.231325 -0.00115114 -0.000754687 0.986667 0.546988 -0.00848485 -0.00722892
0.951515 0.224096 -0.00115114 -0.000754687 0.986667 0.546988 -0.0254545 -0.0216867
0.926061 0.20241 -0.00115114 -0.000754687 0.986667 0.549398 -0.00848485 -0.00722892
0.917576 0.195181 -0.00115114 -0.000754687 0.986667 0.549398 -0.00848485 -0.00722892
0.909091 0.187952 -0.00115114 -0.000754687 0.986667 0.549398 -0.00848485 -0.00722892
0.900606 0.180723 -0.00115114 -0.000754687 0.986667 0.549398 -0.0254545 -0.0216867
0.875152 0.159036 -0.00115114 -0.000754687 0.986667 0.549398 -0.00848485 -0.00722892
0.866667 0.151807 -0.00115114 -0.000754687 0.986667 0.549398 -0.00848485 -0.00722892
0.858182 0.144578 -0.00115114 -0.000754687 0.986667 0.549398 -0.00848485 -0.00722892
0.849697 0.137349 -0.00115114 -0.000754687 0.986667 0.549398 -0.0254545 -0.0216867
0.824242 0.115663 -0.00115114 -0.000754687 0.986667 0.549398 -0.00848485 -0.00722892
0.815758 0.108434 -0.00115114 -0.000754687 0.986667 0.549398 -0.00848485 0.00963855
0.807273 0.118072 -0.00115114 0.000754687 0.986667 0.549398 -0.00848485 0.00481928
0.798788 0.122892 -0.00115114 0.000754687 0.986667 0.549398 -0.0254545 0.0144578
0.773333 0.137349 -0.00115114 0.000754687 0.986667 0.549398 -0.00848485 0.00481928
0.764848 0.142169 -0.00115114 0.000754687 0.986667 0.549398 -0.00848485 0.00481928
0.756364 0.146988 -0.00115114 0.000754687 0.986667 0.549398 -0.00848485 0.00481928
0.747879 0.151807 -0.00115114 0.000754687 0.986667 0.549398 -0.0254545 0.0144578
0.722424 0.166265 -0.00115114 0.000754687 0.986667 0.549398 -0.00848485 0.00481928
0.713939 0.171084 -0.00115114 0.000754687 0.986667 0.549398 -0.00848485 0.00481928
0.705455 0.175904 -0.00115114 0.000754687 0.986667 0.549398 -0.00848485 0.00481928
0.69697 0.180723 -0.00115114 0.000754687 0.986667 0.549398 -0.0254545 0.0144578
0.671515 0.195181 -0.00115114 0.000754687 0.986667 0.549398 -0.00848485 0.00481928
0.66303 0.2 -0.00115114 0.000754687 0.986667 0.549398 -0.00848485 0.00481928
0.654545 0.204819 -0.00115114 0.000754687 0.986667 0.549398 -0.00848485 0.00481928
0.646061 0.209639 -0.00115114 0.000754687 0.986667 0.549398 -0.0254545 0.0144578
0.620606 0.224096 -0.00115114 0.000754687 0.986667 0.549398 -0.00848485 0.00481928
0.612121 0.228916 -0.00115114 0.000754687 0.986667 0.549398 -0.00848485 0.00481928
0.603636 0.233735 -0.00115114 0.000754687 0.986667 0.549398 -0.00848485 0.00481928
0.595152 0.238554 -0.00115114 0.000754687 0.986667 0.549398 -0.0254545 0.0144578
0.569697 0.253012 -0.00115114 0.000754687 0.986667 0.549398 -0.00848485 0.00481928
0.561212 0.257831 -0.00115114 0.000754687 0.986667 0.549398 -0.00848485 0.00481928
0.552727 0.262651 -0.00115114 0.000754687 0.986667 0.549398 -0.00848485 0.00481928
0.544242 0.26747 -0.00115114 0.000754687 0.986667 0.549398 -0.0254545 0.0144578
0.518788 0.281928 -0.00115114 0.000754687 0.986667 0.549398 -0.00848485 0.00481928
0.510303 0.286747 -0.00115114 0.000754687 0.986667 0.549398 -0.00848485 0.00481928
0.501818 0.291566 -0.00115114 0.000754687 0.986667 0.549398 -0.00848485 0.00481928
0.493333 0.296386 -0.00115114 0.000754687 0.986667 0.549398 -0.0254545 0.0144578
0.467879 0.310843 -0.00115114 0.000754687 0.986667 0.551807 -0.00848485 0.00481928
0.459394 0.315663 -0.00115114 0.000754687 0.986667 0.551807 -0.00848485 0.00481928
0.450909 0.320482 -0.00115114 0.000754687 0.986667 0.551807 -0.00848485 0.00481928
0.442424 0.325301 -0.00115114 0.000754687 0.986667 0.551807 -0.0254545 0.0144578
0.41697 0.339759 -0.00115114 0.000754687 0.986667 0.551807 -0.00848485 0.00481928
0.408485 0.344578 -0.00115114 0.000754687 0.986667 0.551807 -0.00848485 0.00481928
0.4 0.349398 -0.00115114 0.000754687 0.986667 0.551807 -0.00848485 0.00481928
0.391515 0.354217 -0.00115114 0.000754687 0.986667 0.551807 -0.0254545 0.0144578
0.366061 0.368675 -0.00115114 0.000754687 0.986667 0.551807 -0.00848485 0.00481928
0.357576 0.373494 -0.00115114 0.000754687 0.986667 0.551807 -0.00848485 0.00481928
0.349091 0.378313 -0.00115114 0.000754687 0.986667 0.551807 -0.00848485 0.00481928
0.340606 0.383133 -0.00115114 0.000754687 0.986667 0.551807 -0.0254545 0.0144578
0.315152 0.39759 -0.00115114 0.000754687 0.986667 0.551807 -0.00848485 0.00481928
0.306667 0.40241 -0.00115114 0.000754687 0.986667 0.551807 -0.00848485 0.00481928
0.298182 0.407229 -0.00115114 0.000754687 0.986667 0.551807 -0.00848485 0.00481928
0.289697 0.412048 -0.00115114 0.000754687 0.986667 0.551807 -0.0254545 0.0144578
0.264242 0.426506 -0.00115114 0.000754687 0.986667 0.551807 -0.00848485 0.00481928
0.255758 0.431325 -0.00115114 0.000754687 0.986667 0.551807 -0.00848485 0.00481928
0.247273 0.436145 -0.00115114 0.000754687 0.986667 0.551807 -0.00848485 0.00481928
0.238788 0.440964 -0.00115114 0.000754687 0.986667 0.551807 -0.0254545 0.0144578
0.213333 0.455422 -0.00115114 0.000754687 0.986667 0.551807 -0.00848485 0.00481928
0.204848 0.460241 -0.00115114 0.000754687 0.986667 0.551807 -0.00848485 0.00481928
0.196364 0.46506 -0.00115114 0.000754687 0.986667 0.551807 -0.00848485 0.00481928
0.187879 0.46988 -0.00115114 0.000754687 0.986667 0.551807 -0.0254545 0.0144578
0.162424 0.484337 -0.00115114 0.000754687 0.986667 0.551807 -0.00848485 0.00481928
0.153939 0.489157 -0.00115114 0.000754687 0.986667 0.551807 -0.00848485 0.00481928
0.145455 0.493976 -0.00115114 0.000754687 0.986667 0.551807 -0.00848485 0.00481928
0.13697 0.498795 -0.00115114 0.000754687 0.986667 0.551807 -0.0254545 0.0144578
0.111515 0.513253 -0.00115114 0.000754687 0.986667 0.551807 -0.00848485 0.00481928
0.10303 0.518072 -0.00115114 0.000754687 0.986667 0.551807 -0.00848485 0.00481928
0.0945455 0.522892 -0.00115114 0.000754687 0.986667 0.551807 -0.00848485 0.00481928
0.0860606 0.527711 -0.00115114 0.000754687 0.986667 0.551807 -0.0254545 0.0144578
0.0606061 0.542169 -0.00115114 0.000754687 0.986667 0.551807 -0.00848485 0.00481928
0.0521212 0.546988 -0.00115114 0.000754687 0.986667 0.551807 -0.00848485 0.00481928
0.0436364 0.551807 -0.00115114 0.000754687 0.986667 0.551807 0.126061 -0.209639
0.169697 0.342169 -0.00118311 0.000524077 0.986667 0.551807 -0.0109091 0
0.158788 0.342169 -0.00118311 0.000524077 0.986667 0.551807 -0.00363636 0
0.155152 0.342169 -0.00118311 0.000524077 0.986667 0.551807 -0.00363636 0
0.151515 0.342169 -0.00118311 0.000524077 0.986667 0.551807 -0.00363636 0
0.147879 0.342169 -0.00118311 0.000524077 0.986667 0.551807 -0.0109091 0
0.13697 0.342169 -0.00118311 0.000524077 0.986667 0.551807 -0.00363636 0
0.133333 0.342169 -0.00118311 0.000524077 0.986667 0.551807 -0.00363636 0
0.129697 0.342169 -0.00118311 0.000524077 0.986667 0.551807 -0.00363636 0
0.126061 0.342169 -0.00118311 0.000524077 0.986667 0.551807 -0.0109091 0
0.115152 0.342169 -0.00118311 0.000524077 0.986667 0.551807 -0.00363636 0
0.111515 0.342169 -0.00118311 0.000524077 0.986667 0.551807 -0.00363636 0
0.107879 0.342169 -0.00118311 0.000524077 0.986667 0.551807 -0.00363636 0
0.104242 0.342169 -0.00118311 0.000524077 0.986667 0.551807 -0.0109091 0
0.0933333 0.342169 -0.00118311 0.000524077 0.986667 0.551807 -0.00363636 0
0.089697 0.342169 -0.00118311 0.000524077 0.986667 0.551807 -0.00363636 0
0.0860606 0.342169 -0.00118311 0.000524077 0.986667 0.551807 -0.00363636 0
0.0824242 0.342169 -0.00118311 0.000524077 0.986667 0.551807 -0.0109091 0
0.0715152 0.342169 -0.00118311 0.000524077 0.986667 0.551807 -0.00363636 0
0.0678788 0.342169 -0.00118311 0.000524077 0.986667 0.551807 -0.00363636 0
0.0642424 0.342169 -0.00118311 0.000524077 0.986667 0.551807 -0.00363636 0
0.0606061 0.342169 -0.00118311 0.000524077 0.986667 0.551807 -0.0109091 0
0.049697 0.342169 -0.00118311 0.000524077 0.986667 0.551807 -0.00121212 0
0.0484848 0.342169 0.00118311 0.000524077 0.986667 0.551807 0.00242424 0
0.0509091 0.342169 0.00118311 0.000524077 0.986667 0.551807 0.00242424 0
0.0533333 0.342169 0.00118311 0.000524077 0.986667 0.551807 0.0472727 0.568675
0.100606 0.910843 -0.000968261 -0.00144958 0.986667 0.551807 -0.00727273 -0.0120482
0.0933333 0.898795 -0.000968261 -0.00144958 0.986667 0.551807 -0.00727273 -0.0120482
0.0860606 0.886747 -0.000968261 -0.00144958 0.986667 0.551807 -0.00727273 -0.0120482
0.0787879 0.874699 -0.000968261 -0.00144958 0.986667 0.551807 -0.0218182 -0.0361446
0.0569697 0.838554 -0.000968261 -0.00144958 0.986667 0.551807 -0.00727273 -0.0120482
0.049697 0.826506 -0.000968261 -0.00144958 0.986667 0.551807 -0.00121212 -0.0120482
0.0484848 0.814458 0.000968261 -0.00144958 0.986667 0.551807 0.00606061 -0.0120482
0.0545455 0.80241 0.000968261 -0.00144958 0.986667 0.551807 0.0181818 -0.0361446
0.0727273 0.766265 0.000968261 -0.00144958 0.986667 0.551807 0.00606061 -0.0120482
0.0787879 0.754217 0.000968261 -0.00144958 0.986667 0.551807 0.00606061 -0.0120482
0.0848485 0.742169 0.000968261 -0.00144958 0.986667 0.551807 0.00606061 -0.0120482
0.0909091 0.73012 0.000968261 -0.00144958 0.986667 0.551807 0.0181818 -0.0361446
0.109091 0.693976 0.000968261 -0.00144958 0.986667 0.551807 0.00606061 -0.0120482
0.115152 0.681928 0.000968261 -0.00144958 0.986667 0.551807 0.00606061 -0.0120482
0.121212 0.66988 0.000968261 -0.00144958 0.986667 0.551807 0.00606061 -0.0120482
0.127273 0.657831 0.000968261 -0.00144958 0.986667 0.551807 0.0181818 -0.0361446
0.145455 0.621687 0.000968261 -0.00144958 0.986667 0.551807 0.00606061 -0.0120482
0.151515 0.609639 0.000968261 -0.00144958 0.986667 0.551807 0.00606061 -0.0120482
0.157576 0.59759 0.000968261 -0.00144958 0.986667 0.551807 0.00606061 -0.0120482
0.163636 0.585542 0.000968261 -0.00144958 0.986667 0.551807 0.0181818 -0.0361446
0.181818 0.549398 0.000968261 -0.00144958 0.986667 0.551807 0.00606061 -0.0120482
0.187879 0.537349 0.000968261 -0.00144958 0.986667 0.551807 0.00606061 -0.0120482
0.193939 0.525301 0.000968261 -0.00144958 0.986667 0.551807 0.00606061 -0.0120482
0.2 0.513253 0.000968261 -0.00144958 0.986667 0.551807 0.0181818 -0.0361446
0.218182 0.477108 0.000968261 -0.00144958 0.986667 0.551807 0.00606061 -0.0120482
0.224242 0.46506 0.000968261 -0.00144958 0.986667 0.551807 0.00606061 -0.0120482
0.230303 0.453012 0.000968261 -0.00144958 0.986667 0.551807 0.00606061 -0.0120482
0.236364 0.440964 0.000968261 -0.00144958 0.986667 0.551807 0.0181818 -0.0361446
0.254545 0.404819 0.000968261 -0.00144958 0.986667 0.539759 0.00606061 -0.0120482
0.260606 0.392771 0.000968261 -0.00144958 0.986667 0.522892 0.00606061 -0.0120482
0.266667 0.380723 0.000968261 -0.00144958 0.986667 0.520482 0.00606061 -0.0120482
0.272727 0.368675 0.000968261 -0.00144958 0.986667 0.518072 0.0181818 -0.0361446
0.290909 0.33253 0.000968261 -0.00144958 0.986667 0.518072 0.00606061 -0.0120482
0.29697 0.320482 0.000968261 -0.00144958 0.986667 0.518072 0.00606061 -0.0120482
0.30303 0.308434 0.000968261 -0.00144958 0.986667 0.518072 0.00606061 -0.0120482
0.309091 0.296386 0.000968261 -0.00144958 0.986667 0.518072 0.0181818 -0.0361446
0.327273 0.260241 0.000968261 -0.00144958 0.986667 0.518072 0.00606061 -0.0120482
0.333333 0.248193 0.000968261 -0.00144958 0.986667 0.518072 0.00606061 -0.0120482
0.339394 0.236145 0.000968261 -0.00144958 0.986667 0.518072 0.00606061 -0.0120482
0.345455 0.224096 0.000968261 -0.00144958 0.986667 0.518072 0.0181818 -0.0361446
0.363636 0.187952 0.000968261 -0.00144958 0.986667 0.518072 0.00606061 -0.0120482
0.369697 0.175904 0.000968261 -0.00144958 0.986667 0.518072 0.00606061 -0.0120482
0.375758 0.163855 0.000968261 -0.00144958 0.986667 0.518072 0.00606061 -0.0120482
0.381818 0.151807 0.000968261 -0.00144958 0.986667 0.518072 0.0181818 -0.0361446
0.4 0.115663 0.000968261 -0.00144958 0.986667 0.518072 0.00606061 0.00240964
0.406061 0.118072 0.000968261 0.00144958 0.986667 0.518072 0.00606061 0.00963855
0.412121 0.127711 0.000968261 0.00144958 0.986667 0.518072 0.00606061 0.00963855
0.418182 0.137349 0.000968261 0.00144958 0.986667 0.518072 0.0181818 0.0289157
0.436364 0.166265 0.000968261 0.00144958 0.986667 0.518072 0.00606061 0.00963855
0.442424 0.175904 0.000968261 0.00144958 0.986667 0.518072 0.00606061 0.00963855
0.448485 0.185542 0.000968261 0.00144958 0.986667 0.518072 0.00606061 0.00963855
0.454545 0.195181 0.000968261 0.00144958 0.986667 0.518072 0.0181818 0.0289157
0.472727 0.224096 0.000968261 0.00144958 0.986667 0.518072 0.00606061 0.00963855
0.478788 0.233735 0.000968261 0.00144958 0.986667 0.518072 0.00606061 0.00963855
0.484848 0.243373 0.000968261 0.00144958 0.986667 0.518072 0.00606061 0.00963855
0.490909 0.253012 0.000968261 0.00144958 0.986667 0.518072 0.0181818 0.0289157
0.509091 0.281928 0.000968261 0.00144958 0.986667 0.518072 0.00606061 0.00963855
0.515152 0.291566 0.000968261 0.00144958 0.986667 0.518072 0.00606061 0.00963855
0.521212 0.301205 0.000968261 0.00144958 0.986667 0.518072 0.00606061 0.00963855
0.527273 0.310843 0.000968261 0.00144958 0.986667 0.518072 0.0181818 0.0289157
0.545455 0.339759 0.000968261 0.00144958 0.986667 0.518072 0.00606061 0.00963855
0.551515 0.349398 0.000968261 0.00144958 0.986667 0.518072 0.00606061 0.00963855
0.557576 0.359036 0.000968261 0.00144958 0.986667 0.518072 0.00606061 0.00963855
0.563636 0.368675 0.000968261 0.00144958 0.986667 0.518072 0.0181818 0.0289157
0.581818 0.39759 0.000968261 0.00144958 0.986667 0.518072 0.00606061 0.00963855
0.587879 0.407229 0.000968261 0.00144958 0.986667 0.518072 0.00606061 0.00963855
0.593939 0.416867 0.000968261 0.00144958 0.986667 0.518072 0.00606061 0.00963855
0.6 0.426506 0.000968261 0.00144958 0.986667 0.518072 0.0181818 0.0289157
0.618182 0.455422 0.000968261 0.00144958 0.986667 0.518072 0.00606061 0.00963855
0.624242 0.46506 0.000968261 0.00144958 0.986667 0.518072 0.00606061 0.00963855
0.630303 0.474699 0.000968261 0.00144958 0.986667 0.518072 0.00606061 0.00963855
0.636364 0.484337 0.000968261 0.00144958 0.986667 0.518072 0.0181818 0.0289157
0.654545 0.513253 0.000968261 0.00144958 0.986667 0.518072 0.00606061 0.00963855
0.660606 0.522892 0.000968261 0.00144958 0.986667 0.518072 0.00606061 0.00963855
0.666667 0.53253 0.000968261 0.00144958 0.986667 0.518072 0.00606061 0.00963855
0.672727 0.542169 0.000968261 0.00144958 0.989091 0.518072 0.0181818 0.0289157
0.690909 0.571084 0.000968261 0.00144958 0.989091 0.556627 0.00606061 0.00963855
0.69697 0.580723 0.000968261 0.00144958 0.989091 0.566265 0.00606061 0.00963855
0.70303 0.590361 0.000968261 0.00144958 0.989091 0.568675 0.00606061 0.00963855
0.709091 0.6 0.000968261 0.00144958 0.989091 0.568675 0.0181818 0.0289157
0.727273 0.628916 0.000968261 0.00144958 0.989091 0.568675 0.00606061 0.00963855
0.733333 0.638554 0.000968261 0.00144958 0.989091 0.571084 0.00606061 0.00963855
0.739394 0.648193 0.000968261 0.00144958 0.989091 0.571084 0.00606061 0.00963855
0.745455 0.657831 0.000968261 0.00144958 0.989091 0.571084 0.0181818 0.0289157
0.763636 0.686747 0.000968261 0.00144958 0.989091 0.571084 0.00606061 0.00963855
0.769697 0.696386 0.000968261 0.00144958 0.989091 0.571084 0.00606061 0.00963855
0.775758 0.706024 0.000968261 0.00144958 0.989091 0.571084 0.00606061 0.00963855
0.781818 0.715663 0.000968261 0.00144958 0.989091 0.571084 0.0181818 0.0289157
0.8 0.744578 0.000968261 0.00144958 0.989091 0.571084 0.00606061 0.00963855
0.806061 0.754217 0.000968261 0.00144958 0.989091 0.571084 0.00606061 0.00963855
0.812121 0.763855 0.000968261 0.00144958 0.989091 0.571084 0.00606061 0.00963855
0.818182 0.773494 0.000968261 0.00144958 0.989091 0.571084 0.0181818 0.0289157
0.836364 0.80241 0.000968261 0.00144958 0.989091 0.571084 0.00606061 0.00963855
0.842424 0.812048 0.000968261 0.00144958 0.989091 0.571084 0.00606061 0.00963855
0.848485 0.821687 0.000968261 0.00144958 0.989091 0.571084 0.00606061 0.00963855
0.854545 0.831325 0.000968261 0.00144958 0.989091 0.571084 0.0181818 0.0289157
0.872727 0.860241 0.000968261 0.00144958 0.989091 0.571084 0.00606061 0.00963855
0.878788 0.86988 0.000968261 0.00144958 0.989091 0.571084 0.00606061 0.00963855
0.884848 0.879518 0.000968261 0.00144958 0.989091 0.571084 0.00606061 0.00963855
0.890909 0.889157 0.000968261 0.00144958 0.989091 0.571084 0.0181818 0.0289157
0.909091 0.918072 0.000968261 0.00144958 0.989091 0.571084 0.00606061 0.00963855
0.915152 0.927711 0.000968261 0.00144958 0.989091 0.571084 0.00606061 0.00963855
0.921212 0.937349 0.000968261 0.00144958 0.989091 0.571084 0.00606061 0.00963855
0.927273 0.946988 0.000968261 0.00144958 0.990303 0.571084 0.0181818 0.0289157
0.945455 0.975904 0.000968261 0.00144958 0.990303 0.571084 0.00606061 0.00963855
0.951515 0.985542 0.000968261 0.00144958 0.990303 0.571084 0.00606061 0.00963855
0.957576 0.995181 0.000968261 0.00144958 0.990303 0.571084 0.00606061 0.00963855
0.963636 1.00482 0.000968261 0.00144958 0.990303 0.571084 0.0181818 -0.0240964
0.981818 0.980723 0.000968261 -0.00144958 0.990303 0.571084 0.00606061 -0.0120482
0.987879 0.968675 0.000968261 -0.00144958 0.990303 0.571084 0.00606061 -0.0120482
0.993939 0.956627 0.000968261 -0.00144958 0.990303 0.571084 0.00606061 -0.0120482
1 0.944578 0.000968261 -0.00144958 0.990303 0.573494 -0.0121212 -0.0361446
0.987879 0.908434 -0.000968261 -0.00144958 0.989091 0.573494 -0.00727273 -0.0120482
0.980606 0.896386 -0.000968261 -0.00144958 0.989091 0.573494 -0.00727273 -0.0120482
0.973333 0.884337 -0.000968261 -0.00144958 0.989091 0.573494 -0.00727273 -0.0120482
0.966061 0.872289 -0.000968261 -0.00144958 0.989091 0.573494 -0.0218182 -0.0361446
0.944242 0.836145 -0.000968261 -0.00144958 0.989091 0.573494 -0.00727273 -0.0120482
0.93697 0.824096 -0.000968261 -0.00144958 0.989091 0.573494 -0.00727273 -0.0120482
0.929697 0.812048 -0.000968261 -0.00144958 0.989091 0.573494 -0.00727273 -0.0120482
0.922424 0.8 -0.000968261 -0.00144958 0.989091 0.573494 -0.0218182 -0.0361446
0.900606 0.763855 -0.000968261 -0.00144958 0.987879 0.573494 -0.00727273 -0.0120482
0.893333 0.751807 -0.000968261 -0.00144958 0.987879 0.573494 -0.00727273 -0.0120482
0.886061 0.739759 -0.000968261 -0.00144958 0.986667 0.573494 -0.00727273 -0.0120482
0.878788 0.727711 -0.000968261 -0.00144958 0.986667 0.573494 -0.0218182 -0.0361446
0.85697 0.691566 -0.000968261 -0.00144958 0.985455 0.489157 -0.00727273 -0.0120482
0.849697 0.679518 -0.000968261 -0.00144958 0.985455 0.481928 -0.00727273 -0.0120482
0.842424 0.66747 -0.000968261 -0.00144958 0.985455 0.477108 -0.00727273 -0.0120482
0.835152 0.655422 -0.000968261 -0.00144958 0.985455 0.477108 -0.0218182 -0.0361446
0.813333 0.619277 -0.000968261 -0.00144958 0.985455 0.477108 -0.00727273 -0.0120482
0.806061 0.607229 -0.000968261 -0.00144958 0.985455 0.477108 -0.00727273 -0.0120482
0.798788 0.595181 -0.000968261 -0.00144958 0.985455 0.477108 -0.00727273 -0.0120482
0.791515 0.583133 -0.000968261 -0.00144958 0.985455 0.477108 -0.0218182 -0.0361446
0.769697 0.546988 -0.000968261 -0.00144958 0.985455 0.477108 -0.00727273 -0.0120482
0.762424 0.53494 -0.000968261 -0.00144958 0.985455 0.477108 -0.00727273 -0.0120482
0.755152 0.522892 -0.000968261 -0.00144958 0.985455 0.477108 -0.00727273 -0.0120482
0.747879 0.510843 -0.000968261 -0.00144958 0.985455 0.477108 -0.0218182 -0.0361446
0.726061 0.474699 -0.000968261 -0.00144958 0.985455 0.477108 -0.00727273 -0.0120482
0.718788 0.462651 -0.000968261 -0.00144958 0.985455 0.477108 -0.00727273 -0.0120482
0.711515 0.450602 -0.000968261 -0.00144958 0.985455 0.477108 -0.00727273 -0.0120482
0.704242 0.438554 -0.000968261 -0.00144958 0.985455 0.477108 -0.0218182 -0.0361446
0.682424 0.40241 -0.000968261 -0.00144958 0.985455 0.477108 -0.00727273 -0.0120482
0.675152 0.390361 -0.000968261 -0.00144958 0.985455 0.477108 -0.00727273 -0.0120482
0.667879 0.378313 -0.000968261 -0.00144958 0.985455 0.477108 -0.00727273 -0.0120482
0.660606 0.366265 -0.000968261 -0.00144958 0.985455 0.477108 -0.0218182 -0.0361446
0.638788 0.33012 -0.000968261 -0.00144958 0.985455 0.477108 -0.00727273 -0.0120482
0.631515 0.318072 -0.000968261 -0.00144958 0.985455 0.477108 -0.00727273 -0.0120482
0.624242 0.306024 -0.000968261 -0.00144958 0.985455 0.477108 -0.00727273 -0.0120482
0.61697 0.293976 -0.000968261 -0.00144958 0.985455 0.481928 -0.0218182 -0.0361446
0.595152 0.257831 -0.000968261 -0.00144958 0.981818 0.537349 -0.00727273 -0.0120482
0.587879 0.245783 -0.000968261 -0.00144958 0.981818 0.537349 -0.00727273 -0.0120482
0.580606 0.233735 -0.000968261 -0.00144958 0.981818 0.537349 -0.00727273 -0.0120482
0.573333 0.221687 -0.000968261 -0.00144958 0.981818 0.537349 -0.0218182 -0.0361446
0.551515 0.185542 -0.000968261 -0.00144958 0.981818 0.537349 -0.00727273 -0.0120482
0.544242 0.173494 -0.000968261 -0.00144958 0.981818 0.537349 -0.00727273 -0.0120482
0.53697 0.161446 -0.000968261 -0.00144958 0.981818 0.537349 -0.00727273 -0.0120482
0.529697 0.149398 -0.000968261 -0.00144958 0.981818 0.537349 -0.0218182 -0.0361446
0.507879 0.113253 -0.000968261 -0.00144958 0.981818 0.537349 -0.00727273 0.00481928
0.500606 0.118072 -0.000968261 0.00144958 0.981818 0.537349 -0.00727273 0.00963855
0.493333 0.127711 -0.000968261 0.00144958 0.981818 0.537349 -0.00727273 0.00963855
0.486061 0.137349 -0.000968261 0.00144958 0.981818 0.537349 -0.0218182 0.0289157
0.464242 0.166265 -0.000968261 0.00144958 0.981818 0.537349 -0.00727273 0.00963855
0.45697 0.175904 -0.000968261 0.00144958 0.981818 0.537349 -0.00727273 0.00963855
0.449697 0.185542 -0.000968261 0.00144958 0.981818 0.537349 -0.00727273 0.00963855
0.442424 0.195181 -0.000968261 0.00144958 0.981818 0.537349 -0.0218182 0.0289157
0.420606 0.224096 -0.000968261 0.00144958 0.981818 0.537349 -0.00727273 0.00963855
0.413333 0.233735 -0.000968261 0.00144958 0.981818 0.537349 -0.00727273 0.00963855
0.406061 0.243373 -0.000968261 0.00144958 0.981818 0.537349 -0.00727273 0.00963855
0.398788 0.253012 -0.000968261 0.00144958 0.981818 0.537349 -0.0218182 0.0289157
0.37697 0.281928 -0.000968261 0.00144958 0.981818 0.537349 -0.00727273 0.00963855
0.369697 0.291566 -0.000968261 0.00144958 0.981818 0.537349 -0.00727273 0.00963855
0.362424 0.301205 -0.000968261 0.00144958 0.981818 0.537349 -0.00727273 0.00963855
0.355152 0.310843 -0.000968261 0.00144958 0.981818 0.537349 -0.0218182 0.0289157
0.333333 0.339759 -0.000968261 0.00144958 0.981818 0.537349 -0.00727273 0.00963855
0.326061 0.349398 -0.000968261 0.00144958 0.981818 0.537349 -0.00727273 0.00963855
0.318788 0.359036 -0.000968261 0.00144958 0.981818 0.537349 -0.00727273 0.00963855
0.311515 0.368675 -0.000968261 0.00144958 0.981818 0.537349 -0.0218182 0.0289157
0.289697 0.39759 -0.000968261 0.00144958 0.981818 0.537349 -0.00727273 0.00963855
0.282424 0.407229 -0.000968261 0.00144958 0.981818 0.537349 -0.00727273 0.00963855
0.275152 0.416867 -0.000968261 0.00144958 0.981818 0.537349 -0.00727273 0.00963855
0.267879 0.426506 -0.000968261 0.00144958 0.981818 0.537349 -0.0218182 0.0289157
0.246061 0.455422 -0.000968261 0.00144958 0.993939 0.546988 -0.00727273 0.00963855
0.238788 0.46506 -0.000968261 0.00144958 0.993939 0.546988 -0.00727273 0.00963855
0.231515 0.474699 -0.000968261 0.00144958 0.993939 0.546988 -0.00727273 0.00963855
0.224242 0.484337 -0.000968261 0.00144958 0.993939 0.546988 -0.0218182 0.0289157
0.202424 0.513253 -0.000968261 0.00144958 0.993939 0.546988 -0.00727273 0.00963855
0.195152 0.522892 -0.000968261 0.00144958 0.993939 0.546988 -0.00727273 0.00963855
0.187879 0.53253 -0.000968261 0.00144958 0.993939 0.546988 -0.00727273 0.00963855
0.180606 0.542169 -0.000968261 0.00144958 0.993939 0.546988 -0.0218182 0.0289157
0.158788 0.571084 -0.000968261 0.00144958 0.993939 0.546988 -0.00727273 0.00963855
0.151515 0.580723 -0.000968261 0.00144958 0.993939 0.546988 -0.00727273 0.00963855
0.144242 0.590361 -0.000968261 0.00144958 0.993939 0.546988 -0.00727273 0.00963855
0.13697 0.6 -0.000968261 0.00144958 0.993939 0.546988 -0.0218182 0.0289157
0.115152 0.628916 -0.000968261 0.00144958 0.993939 0.546988 -0.00727273 0.00963855
0.107879 0.638554 -0.000968261 0.00144958 0.993939 0.546988 -0.00727273 0.00963855
0.100606 0.648193 -0.000968261 0.00144958 0.993939 0.546988 -0.00727273 0.00963855
0.0933333 0.657831 -0.000968261 0.00144958 0.993939 0.546988 -0.0218182 0.0289157
0.0715152 0.686747 -0.000968261 0.00144958 0.993939 0.546988 -0.00727273 0.00963855
0.0642424 0.696386 -0.000968261 0.00144958 0.993939 0.546988 -0.00727273 0.00963855
0.0569697 0.706024 -0.000968261 0.00144958 0.993939 0.546988 -0.00727273 0.00963855
0.049697 0.715663 -0.000968261 0.00144958 0.993939 0.546988 0.0981818 0.026506
0.147879 0.742169 -0.00121206 2.45035e-005 0.993939 0.546988 -0.00363636 0