0.0806946 -0.375341 0.00334012 -0.00400814 0.0243906 0.337022 -0.00179708 0.00233508
0.113946 -0.415242 0.00330687 -0.00396824 0.0225935 0.339357 -0.000338786 0.00708017
0.146866 -0.454747 0.00327395 -0.00392873 0.0222547 0.346437 0.00108864 0.00343853
0.179459 -0.470473 0.00324135 0.00388962 0.0233434 0.349876 0.00014768 0.00142048
0.211727 -0.431751 0.00320908 0.0038509 0.0234911 0.351296 0.00108324 0.002915
0.243674 -0.393415 0.00317714 0.00381257 0.0245743 0.354211 0.0012361 0.00196952
0.275302 -0.355461 0.00314551 0.00377461 0.0258104 0.356181 0.000646885 0.0215464
0.306616 -0.317884 0.0031142 0.00373703 0.0264573 0.377727 -0.0124746 0.0303829
0.337618 -0.280681 0.00308319 0.00369983 0.0139827 0.40811 -0.00275317 0.0186869
0.368312 -0.243849 0.0030525 0.003663 0.0112295 0.426797 -0 -0
0.3987 -0.207383 0.00302211 0.00362653 0.0112295 0.426797 -0.00121283 0.0024232
0.428785 -0.171281 0.00299203 0.00359043 0.0100167 0.42922 -0 -0
0.452641 -0.135538 -0.00296224 0.00355469 0.0100167 0.42922 -0 -0
0.423152 -0.10015 -0.00293275 0.0035193 0.0100167 0.42922 -0 -0
0.393956 -0.0651153 -0.00290355 0.00348427 0.0100167 0.42922 -0 -0
0.36505 -0.030429 -0.00287465 0.00344958 0.0100167 0.42922 -0 -0
0.336433 0.00391193 -0.00284603 0.00341524 0.0100167 0.42922 -0 -0
0.3081 0.037911 -0.0028177 0.00338124 0.0100167 0.42922 -0.00123413 0.00200652
0.28005 0.0715717 -0.00278965 0.00334758 0.00878259 0.431227 -0 -0
-0.00104208 0.0260744 -0.0137781 0.00938893 0.00878259 0.431227 -0.00128207 0.0032678
-0.138205 0.119542 -0.013641 0.00929546 0.00750052 0.434495 -0.00600912 0.00362532
-0.274002 0.21208 -0.0135052 0.00920292 0.0014914 0.43812 -0 -0
-0.408448 0.303696 -0.0133707 0.0091113 0.0014914 0.43812 -0 -0
-0.355485 0.3944 0.0132376 0.0090206 0.0014914 0.43812 -0 -0
-0.223703 0.466322 0.0131058 -0.0089308 0.0014914 0.43812 -0.00124283 0.000973644
-0.0932328 0.377414 0.0129754 -0.00884189 0.000248567 0.439094 -0.0192645 0.0215641
0.0359385 0.289392 0.0128462 -0.00875387 -0.0190159 0.460658 -0.00134105 0.00363931
0.163824 0.202247 0.0127183 -0.00866672 -0.020357 0.464297 0.00620099 0.00172086
0.290436 0.115968 0.0125917 -0.00858045 -0.014156 0.466018 0.0128693 -0.00924607
0.415788 0.0305489 0.0124663 -0.00849503 -0.00128665 0.456772 0.00577559 -0.00473942
0.366407 -0.0540201 -0.0123422 -0.00841046 0.00448895 0.452032 0.0116962 -0.00776831
0.243539 -0.137747 -0.0122194 -0.00832673 0.0161851 0.444264 0.00311762 -0.00281528
0.121894 -0.220641 -0.0120977 -0.00824384 0.0193027 0.441449 -0.0164301 -0.0021775
0.00145924 -0.302709 -0.0119773 -0.00816177 0.00287263 0.439271 -0.0038031 -0.000297246
-0.117776 -0.383961 -0.0118581 -0.00808052 -0.000930467 0.438974 -0.00128006 0.000509587
-0.235824 -0.464403 -0.01174 -0.00800007 -0.00221053 0.439484 -0.00948592 0.0051554
-0.352698 -0.416746 -0.0116231 0.00792043 -0.0116964 0.444639 -0.00333667 0.00253558
-0.445369 -0.337897 0.0115074 0.00784158 -0.0150331 0.447175 -0 -0
-0.330812 -0.259833 0.0113929 0.00776352 -0.0150331 0.447175 0.000634379 0.000973914
-0.217394 -0.182546 0.0112794 0.00768623 -0.0143987 0.448149 0.0182725 -0.00115344
-0.105106 -0.106029 0.0111672 0.00760972 0.00387372 0.446995 0.0303575 -0.00567352
0.00606435 -0.0302731 0.011056 0.00753396 0.0342312 0.441322 0.00922612 -0.00246526
0.116128 0.0447283 0.0109459 0.00745896 0.0434573 0.438856 0.00427448 -0.000427078
0.225096 0.118983 0.010837 0.0073847 0.0477318 0.438429 0.00164447 0.000101697
0.332979 0.192499 0.0107291 0.00731119 0.0493763 0.438531 0.00250846 0.000114159
0.439788 0.265283 0.0106223 0.0072384 0.0518847 0.438645 0.0084889 8.1649e-005
0.355287 0.337342 -0.0105165 0.00716635 0.0603736 0.438727 0.0107313 0.000933787
0.250594 0.408684 -0.0104118 0.007095 0.071105 0.439661 0.00891799 -0.00473048
0.146943 0.479315 -0.0103082 0.00702437 0.0800229 0.43493 0.0840209 -0.016368
0.0294992 0.435413 -0.0105068 -0.00277392 0.164044 0.418562 -0 -0
-0.0750974 0.407798 -0.0104022 -0.00274631 0.164044 0.418562 -0 -0
-0.178653 0.380458 -0.0102987 -0.00271897 0.164044 0.418562 -0.0255257 0.0103182
-0.281177 0.353391 -0.0101961 -0.0026919 0.138518 0.42888 -0.0641182 0.00858631
-0.382681 0.326592 -0.0100946 -0.0026651 0.0744 0.437467 -0.0417179 0.00641544
-0.423089 0.300061 0.00999414 -0.00263857 0.0326821 0.443882 -0.00569207 0.00158485
-0.323596 0.273794 0.00989464 -0.0026123 0.02699 0.445467 0.000434017 0.000422983
-0.225094 0.247788 0.00979614 -0.0025863 0.027424 0.44589 0.00329047 9.25661e-005
-0.127572 0.222041 0.00969862 -0.00256055 0.0307145 0.445982 0.00136887 -0.000125841
-0.0310212 0.19655 0.00960207 -0.00253506 0.0320834 0.445857 0.00242991 -0.000139763
-0.428369 -0.0793948 0.0231836 0.00503273 0.0345133 0.445717 0.0167494 0.000530263
-0.197574 -0.0292934 0.0229528 0.00498263 0.0512626 0.446247 0.00313266 0.000162414
0.0309236 0.0203092 0.0227243 0.00493302 0.0543953 0.44641 -0.0119131 -0.00315675
0.257146 0.0694181 0.022498 0.00488392 0.0424822 0.443253 -0.0334918 0.00435332
0.391887 0.118038 -0.0222741 0.0048353 0.0089904 0.447606 -0.0121955 0.00237157
0.170146 0.166174 -0.0220523 0.00478716 -0.00320507 0.449978 -0.0218307 0.00313984
-0.0493877 0.213831 -0.0218328 0.0047395 -0.0250358 0.453118 -0.00582933 -0.00267226
-0.266736 0.261013 -0.0216154 0.00469232 -0.0308651 0.450445 0.0640272 -0.0145798
-0.39619 0.307726 0.0214003 0.00464561 0.033162 0.435865 0.014177 -0.00376836
-0.183148 0.353973 0.0211872 0.00459936 0.047339 0.432097 -0.0384096 0.00895789
0.027773 0.39976 0.0209763 0.00455357 0.00892939 0.441055 -0.036252 -0.00380007
0.236595 0.445092 0.0207675 0.00450824 -0.0273226 0.437255 0.0227668 -0.0136876
0.443337 0.472092 0.0205607 -0.00446336 -0.00455581 0.423567 0.0130368 0.0013758
0.238653 0.427658 -0.020356 -0.00441893 0.00848101 0.424943 0.000300471 -0.00284575
0.0360058 0.383667 -0.0201534 -0.00437494 0.00878148 0.422097 0.093647 -0.149178
-0.229168 0.286471 -0.0241254 -0.00913944 0.102429 0.27292 -0.000366034 -0.0290347
-0.421521 0.195487 0.0238852 -0.00904845 0.102062 0.243885 -0.0586998 0.0450947
-0.183741 0.105409 0.0236474 -0.00895837 0.0433627 0.28898 -0.000851093 0.00984019
0.0516723 0.0162269 0.023412 -0.00886919 0.0425116 0.29882 -0.00240818 0.0421389
0.284742 -0.072067 0.0231789 -0.0087809 0.0401034 0.340959 -0.0140958 0.0332483
0.377526 -0.159482 -0.0229482 -0.00869348 0.0260076 0.374207 -0.00566545 0.0278841
0.149074 -0.246027 -0.0227197 -0.00860694 0.0203421 0.402091 -0.000815228 0.0252975
-0.0771039 -0.33171 -0.0224936 -0.00852126 0.0195269 0.427389 -0.0202769 0.018758
-0.30103 -0.41654 -0.0222696 -0.00843643 -0.00075 0.446147 -0.00728876 0.00168817
-0.390174 -0.45031 0.0220479 0.00835244 -0.00803877 0.447835 -0.00071311 0.000223055
-0.170684 -0.367161 0.0218284 0.00826929 -0.00875188 0.448058 0.0453828 -0.0120624
0.0466204 -0.284839 0.0216111 0.00818697 0.0366309 0.435995 0.00851507 -0.00385621
0.261762 -0.203337 0.021396 0.00810547 0.045146 0.432139 0.000670794 0.00453193
0.432353 -0.122646 -0.021183 0.00802478 0.0458168 0.436671 -0.00869355 0.0120196
0.221474 -0.0427583 -0.0209721 0.00794489 0.0371232 0.448691 -0.00856958 0.00501768
0.012694 0.036334 -0.0207633 0.0078658 0.0285537 0.453708 -0.00132877 0.000206144
-0.194008 0.114639 -0.0205566 0.00778749 0.0272249 0.453915 0.00401619 -0.00728066
-0.398651 0.192164 -0.020352 0.00770996 0.0312411 0.446634 0.00258641 -0.00762517
-0.277412 0.268918 0.0201494 0.00763321 0.0338275 0.439009 0.00127911 -0.00125615
-0.0768225 0.344907 0.0199488 0.00755722 0.0351066 0.437753 0.0165313 -0.0162846
0.155999 0.403895 0.022229 0.00148326 0.0516379 0.421468 0.00599483 -0.0768138
0.377292 0.418661 0.0220077 0.00146849 0.0576327 0.344654 -0.00956913 0.0134817
0.290116 0.43328 -0.0217887 0.00145387 0.0480636 0.358136 -0.0262473 0.0288564
0.0732077 0.447754 -0.0215717 0.0014394 0.0218163 0.386992 -0.00228997 0.0307214
-0.141542 0.462083 -0.021357 0.00142507 0.0195263 0.417714 0.00734469 0.000832076
0.453908 0.0470549 0.0148919 0.00981795 0.026871 0.418546 -0 -0
0.305657 0.144794 -0.0147437 0.00972021 0.026871 0.418546 0.00168165 -0.000470074
0.158882 0.24156 -0.0145969 0.00962344 0.0285526 0.418076 0.00106241 -0.00788721
0.0135684 0.337362 -0.0144516 0.00952764 0.029615 0.410188 -0.00641075 -0.0418188
-0.26794 0.41126 -0.029274 0.0055727 0.0232043 0.36837 -0 -0
-0.326925 0.466737 0.0289826 0.00551722 0.0232043 0.36837 -0.00455297 0.00641832
-0.0384001 0.444883 0.028694 -0.00546229 0.0186513 0.374788 0.00209493 0.0135838
0.247253 0.390505 0.0284084 -0.00540792 0.0207462 0.388372 -0.00246802 0.00841323
0.36097 0.336669 -0.0281256 -0.00535408 0.0182782 0.396785 0.00914535 0.00230047
0.0809764 0.283368 -0.0278456 -0.00530078 0.0274236 0.399085 0.0112426 -0.020767
-0.19623 0.230598 -0.0275684 -0.00524801 0.0386662 0.378318 -0.0162177 -0.128161
-0.416034 0.178354 0.0272939 -0.00519577 0.0224485 0.250158 -0.0279195 0.102786
-0.144319 0.126629 0.0270222 -0.00514404 -0.00547103 0.352943 -0.0041915 0.0730464
0.12469 0.0754197 0.0267532 -0.00509283 -0.00966253 0.42599 0.00208236 0.0120653
0.391021 0.02472 0.0264869 -0.00504213 -0.00758017 0.438055 0.0226686 0.0110004
0.233236 -0.025475 -0.0262232 -0.00499194 0.0150884 0.449055 0.00854225 -0.00130078
-0.0278192 -0.0751704 -0.0259621 -0.00494224 0.0236307 0.447755 -0.0066135 -0.010952
-0.286275 -0.124371 -0.0257037 -0.00489304 0.0170172 0.436803 -0.0105312 -0.00632916
-0.338066 -0.173082 0.0254478 -0.00484433 0.00648593 0.430473 -0 -0
-0.0847304 -0.221308 0.0251945 -0.0047961 0.00648593 0.430473 0.00665397 -0.00284733
0.166084 -0.269053 0.0249437 -0.00474836 0.0131399 0.427626 0.00869101 -0.00156803
0.414401 -0.316324 0.0246953 -0.00470109 0.0218309 0.426058 -0 -0
0.217946 -0.363124 -0.0244495 -0.00465429 0.0218309 0.426058 -0.00370336 -0.00303453
-0.0254513 -0.409458 -0.0242061 -0.00460795 0.0181275 0.423024 -0.0104384 0.0023694
-0.266426 -0.455331 -0.0239651 -0.00456208 0.00768917 0.425393 -0.0025691 0.0038247
-0.409953 -0.464523 0.0237265 0.00451666 0.00512007 0.429218 -0.000249035 0.00445394
-0.173752 -0.419559 0.0234903 0.0044717 0.00487103 0.433672 0.000935789 0.0074558
0.060097 -0.375043 0.0232565 0.00442718 0.00580682 0.441127 0.000141208 0.00573338
0.291618 -0.330969 0.023025 0.00438311 0.00594803 0.446861 0.00210111 0.00364571
0.383786 -0.287335 -0.0227958 0.00433948 0.00804914 0.450506 0.000109336 0.00843373
0.156851 -0.244135 -0.0225688 0.00429628 0.00815848 0.45894 -3.0593e-005 0.00270736
-0.0678239 -0.201365 -0.0223441 0.00425351 0.00812789 0.461648 -0.000980492 0.00121698
-0.290263 -0.159021 -0.0221217 0.00421116 0.00714739 0.462865 0.000814243 5.40505e-005
-0.378815 -0.117098 0.0219015 0.00416924 0.00796164 0.462919 -0 -0
-0.160783 -0.0755929 0.0216835 0.00412774 0.00796164 0.462919 0.00121915 -0.00212494
0.0550786 -0.0345008 0.0214676 0.00408664 0.00918079 0.460794 0.0127701 -0.00521755
0.268791 0.00618222 0.0212539 0.00404596 0.0219509 0.455576 0.00141738 -0.000718037
0.39608 0.0464602 -0.0210423 0.00400568 0.0233683 0.454858 -0.0113676 0.00413281
0.186602 0.0863373 -0.0208328 0.0039658 0.0120007 0.458991 -0.00135899 -0.00262154
-0.0207913 0.125817 -0.0206254 0.00392632 0.0106417 0.456369 -0.00204327 -0.00578316
0.0215218 0.00510744 -0.0243799 0.00498323 0.00859844 0.450586 -0 -0
-0.221183 0.054716 -0.0241372 0.00493362 0.00859844 0.450586 -0 -0
-0.413629 0.103831 0.0238969 0.0048845 0.00859844 0.450586 -0.00236752 -0.00276745
-0.175733 0.152457 0.023659 0.00483588 0.00623091 0.447819 -0.00157303 0.00734471
0.0597948 0.200598 0.0234234 0.00478773 0.00465788 0.455163 -0.00213169 0.00773249
0.292978 0.248261 0.0231903 0.00474007 0.00252619 0.462896 -0 -0
0.385807 0.295449 -0.0229594 0.00469288 0.00252619 0.462896 -0 -0
0.157244 0.342167 -0.0227308 0.00464617 0.00252619 0.462896 0.00223758 -0.0150515
-0.0690443 0.38842 -0.0225045 0.00459991 0.00476377 0.447844 -0.0748778 -0.105462
-0.29308 0.434213 -0.0222805 0.00455412 -0.0701141 0.342383 -0.000618253 -0.0157871
-0.382267 0.47955 0.0220587 0.00450878 -0.0707323 0.326596 0.0314337 0.0116718
-0.16267 0.434664 0.0218391 -0.0044639 -0.0392986 0.338267 0.0297966 0.0435757
0.0824529 0.401982 0.0220175 -0.000362933 -0.00950204 0.381843 -0.00173033 0.0221332
0.30164 0.398369 0.0217983 -0.00035932 -0.0112324 0.403976 -0.00239476 0.00564431
0.388898 0.394792 -0.0215813 -0.000355743 -0.0136271 0.409621 0.00198729 0.00194737
0.174053 0.391251 -0.0213665 -0.000352201 -0.0116398 0.411568 0.00228379 -0.000661447
-0.0100851 0.366176 -0.0107862 -0.00440337 -0.00935606 0.410906 0.0091656 -0.0223085
-0.117463 0.322339 -0.0106788 -0.00435954 -0.000190464 0.388598 0.00520607 -0.00666166
-0.223772 0.27894 -0.0105725 -0.00431614 0.0050156 0.381936 -0.0159501 0.0158095
-0.329023 0.235972 -0.0104673 -0.00427317 -0.0109345 0.397746 -0.00258928 0.0110372
-0.433226 0.193432 -0.0103631 -0.00423063 -0.0135238 0.408783 0.00914719 0.00559422
-0.371492 0.151316 0.0102599 -0.00418851 -0.00437662 0.414377 0.00284888 -0.000972186
-0.269353 0.109619 0.0101578 -0.00414682 -0.00152774 0.413405 0.00380685 -0.000902671
-0.168231 0.0683365 0.0100566 -0.00410553 0.00227911 0.412502 0.0262583 0.00281168
-0.0681163 0.0274654 0.00995653 -0.00406466 0.0285374 0.415314 0.0371851 0.00599036
0.0310021 -0.0129988 0.00985741 -0.0040242 0.0657225 0.421304 0.0299898 0.00483051
0.129134 -0.0530602 0.00975928 -0.00398414 0.0957123 0.426135 -0.015624 0.0115855
0.226289 -0.0927228 0.00966212 -0.00394448 0.0800883 0.43772 -0.0157415 0.00559889
0.322476 -0.13199 0.00956594 -0.00390521 0.0643468 0.443319 -0.0318859 0.00105
0.417706 -0.170867 0.00947071 -0.00386633 0.0324609 0.444369 -0.0129938 8.15921e-005
0.399076 -0.209357 -0.00937642 -0.00382784 0.0194671 0.444451 -0.00817593 1.413e-005
0.305733 -0.247464 -0.00928308 -0.00378973 0.0112912 0.444465 -0.0110434 5.10979e-006
0.213319 -0.285191 -0.00919067 -0.00375201 0.00024774 0.44447 -0.00692426 -0.000631671
0.121824 -0.322543 -0.00909917 -0.00371466 -0.00667652 0.443838 -0 -0
0.0312411 -0.359522 -0.00900859 -0.00367768 -0.00667652 0.443838 -0 -0
-0.0584404 -0.396134 -0.00891891 -0.00364106 -0.00667652 0.443838 -0 -0
-0.147229 -0.432381 -0.00883012 -0.00360482 -0.00667652 0.443838 -0.0048919 2.391e-005
-0.235134 -0.468268 -0.00874221 -0.00356893 -0.0115684 0.443862 -0.00518441 -0.00302103
-0.322164 -0.461247 -0.00865518 0.0035334 -0.0167528 0.440841 -0 -0
-0.408327 -0.426072 -0.00856902 0.00349823 -0.0167528 0.440841 -0 -0
-0.350377 -0.150721 -0.000866289 0.00854739 -0.0167528 0.440841 -0 -0
-0.359001 -0.0656305 -0.000857665 0.0084623 -0.0167528 0.440841 0.000852544 -0.000317225
-0.36754 0.0186126 -0.000849127 0.00837805 -0.0159003 0.440524 -0.000273546 0.00277178
-0.375993 0.102017 -0.000840674 0.00829465 -0.0161738 0.443296 -0.016144 0.00814554
-0.384362 0.184591 -0.000832305 0.00821208 -0.0323178 0.451441 -0 -0
-0.392647 0.266344 -0.000824019 0.00813032 -0.0323178 0.451441 -0.00148685 0.00175649
-0.400851 0.347282 -0.000815816 0.00804938 -0.0338047 0.453198 -0.0178777 0.00739796
-0.408972 0.427415 -0.000807694 0.00796925 -0.0516824 0.460596 -0.066127 0.00951466
-0.417013 0.459315 -0.000799654 -0.00788992 -0.117809 0.47011 -0 -0
-0.424974 0.38077 -0.000791693 -0.00781137 -0.117809 0.47011 0.0106531 0.00426576
-0.432855 0.303007 -0.000783812 -0.00773361 -0.107156 0.474376 0.0168205 -0.00350712
-0.440658 0.226018 -0.000776009 -0.00765662 -0.0903358 0.470869 0.0156295 -0.0064992
-0.448383 0.149795 -0.000768284 -0.0075804 -0.0747063 0.46437 0.0148973 -0.00787515
-0.456031 0.0743315 -0.000760635 -0.00750493 -0.059809 0.456495 0.019987 -0.00669816
-0.453019 -0.00038102 0.000753063 -0.00743022 -0.039822 0.449797 -0 -0
-0.445522 -0.0743498 0.000745566 -0.00735625 -0.039822 0.449797 -0.00516184 -0.00215562
-0.438099 -0.147582 0.000738144 -0.00728302 -0.0449838 0.447641 -0.0149974 0.000584071
-0.430751 -0.220085 0.000730796 -0.00721052 -0.0599813 0.448225 -0.0153685 0.00255132
-0.423476 -0.291867 0.00072352 -0.00713874 -0.0753498 0.450776 0.000584526 0.0021167
-0.416273 -0.362934 0.000716318 -0.00706767 -0.0747653 0.452893 -0 -0
-0.409142 -0.433293 0.000709187 -0.00699731 -0.0747653 0.452893 -0 -0
-0.402082 -0.461303 0.000702127 0.00692765 -0.0747653 0.452893 -0.00420112 0.000372329
-0.395092 -0.392338 0.000695137 0.00685868 -0.0789664 0.453265 -0 -0
-0.388172 -0.324059 0.000688217 0.00679041 -0.0789664 0.453265 -0.000695005 -0.000895316
-0.381321 -0.256459 0.000681365 0.00672281 -0.0796614 0.45237 0.00550428 -0.00197081
-0.374538 -0.189533 0.000674582 0.00665588 -0.0741571 0.450399 -0 -0
-0.367822 -0.123273 0.000667867 0.00658962 -0.0741571 0.450399 -0 -0
-0.361174 -0.0576726 0.000661218 0.00652402 -0.0741571 0.450399 0.00253607 -0.000415353
-0.354591 0.0072748 0.000654636 0.00645907 -0.071621 0.449984 -0.0273214 0.00212953
-0.348074 0.0715756 0.000648119 0.00639477 -0.0989424 0.452113 -0.00484496 0.000114371
-0.341622 0.135236 0.000641667 0.00633111 -0.103787 0.452228 -0.123499 -0.00262552
-0.335234 0.198263 0.000635279 0.00626808 -0.227286 0.449602 -0.0128609 0.00056931
-0.32891 0.260663 0.000628954 0.00620568 -0.240147 0.450172 -0.0066135 -0.00300647
-0.322649 0.322441 0.000622693 0.00614391 -0.246761 0.447165 -0.0296769 -0.00967267
-0.31645 0.383604 0.000616494 0.00608274 -0.276438 0.437492 -0.0654825 -0.0930928
-0.352066 0.407658 -0.00454797 0.000706905 -0.34192 0.3444 0.0277975 -0.0327034
-0.397342 0.414695 -0.0045027 0.000699868 -0.314123 0.311696 0.085011 0.00355581
-0.442167 0.421662 -0.00445787 0.000692901 -0.229112 0.315252 0.0986684 0.0499044
-0.424508 0.42856 0.00441349 0.000686003 -0.130443 0.365156 0.000599517 0.0340818
-0.380572 0.435389 0.00436955 0.000679173 -0.129844 0.399238 0.00337234 0.0166715
-0.262223 -0.0668849 -0.0153044 0.00113855 -0.126471 0.41591 -0.00358365 0.0221247
-0.41458 -0.0555505 -0.0151521 0.00112722 -0.130055 0.438034 -0.00811934 0.0155946
-0.324318 -0.0443289 0.0150012 0.001116 -0.138174 0.453629 0.000482153 -0.0122598
-0.174978 -0.0332191 0.0148519 0.00110489 -0.137692 0.441369 0.112104 -0.021248
-0.027126 -0.0222198 0.0147041 0.00109389 -0.0255883 0.420121 0.0537037 0.00945248
0.119255 -0.01133 0.0145577 0.001083 0.0281154 0.429574 0.0129395 0.00605373
0.264178 -0.000548673 0.0144127 0.00107222 0.0410549 0.435627 0.0242675 0.0040852
0.407659 0.0101254 0.0142693 0.00106154 0.0653224 0.439713 -0 -0
0.351136 0.0206931 -0.0141272 0.00105097 0.0653224 0.439713 -0 -0
0.210498 0.0311557 -0.0139866 0.00104051 0.0653224 0.439713 -0.00994182 0.0050181
0.0712602 0.0415141 -0.0138473 0.00103015 0.0553806 0.444731 -0.0198371 0.00160749
-0.0665917 0.0517694 -0.0137095 0.0010199 0.0355436 0.446338 -0.0208417 -0.000393555
-0.203071 0.0619226 -0.013573 0.00100974 0.0147018 0.445945 -0.0227659 -0.00236511
-0.338192 0.0719747 -0.0134379 0.000999692 -0.00806406 0.44358 0.00600847 -0.00280968
-0.418672 0.0819268 0.0133041 0.00098974 -0.00205559 0.44077 0.04257 -0.00185699
-0.286228 0.0917798 0.0131717 0.000979887 0.0405144 0.438913 0.0267793 0.0014119
-0.155102 0.101535 0.0130405 0.000970132 0.0672937 0.440325 0.00664048 0.0045953
-0.0252819 0.111192 0.0129107 0.000960474 0.0739341 0.44492 0.0082701 0.00513176
0.103246 0.120754 0.0127822 0.000950913 0.0822042 0.450052 0.00864088 0.00233691
0.230494 0.130221 0.0126549 0.000941446 0.0908451 0.452389 -0 -0
0.356476 0.139593 0.012529 0.000932074 0.0908451 0.452389 -0.00179248 0.000344605
0.431512 0.148872 -0.0124042 0.000922795 0.0890526 0.452733 -0.00919365 -0.00210371
0.308026 0.158058 -0.0122808 0.000913609 0.079859 0.45063 -0.0212607 -0.0105028
0.185769 0.167153 -0.0121585 0.000904513 0.0585982 0.440127 -0.0358619 -0.0107941
0.0647302 0.176158 -0.0120375 0.000895509 0.0227364 0.429333 -0.00452435 -0.000802647
-0.0551041 0.185073 -0.0119176 0.000886594 0.018212 0.42853 -0.0573416 0.00330352
-0.173745 0.193899 -0.011799 0.000877768 -0.0391296 0.431834 -0.0451104 0.00692047
-0.291206 0.202637 -0.0116815 0.00086903 -0.0842399 0.438754 -0.0186166 -0.00641661
-0.407497 0.211288 -0.0115652 0.000860378 -0.102857 0.432338 0.00192836 -0.00555802
-0.384747 0.219854 0.0114501 0.000851813 -0.100928 0.426779 0.0167025 -0.00495334
-0.270759 0.228333 0.0113361 0.000843333 -0.0842257 0.421826 0.0388366 -0.00265521
-0.157907 0.236729 0.0112233 0.000834938 -0.0453891 0.419171 0.0308931 0.00580129
-0.0461783 0.245041 0.0111115 0.000826626 -0.014496 0.424972 0.0199496 0.00679
0.0644383 0.25327 0.0110009 0.000818397 0.00545361 0.431762 0.0265259 0.00330217
0.173954 0.261417 0.0108914 0.000810249 0.0319795 0.435064 0.0171122 0.00241105
0.282379 0.269483 0.010783 0.000802183 0.0490917 0.437475 0.00244799 0.000804649
0.389725 0.277469 0.0106756 0.000794197 0.0515397 0.43828 -0 -0
0.411235 0.285376 -0.0105693 0.000786291 0.0515397 0.43828 -0 -0
0.306016 0.293203 -0.0104641 0.000778463 0.0515397 0.43828 -0.0187296 0.00129253
0.201844 0.300953 -0.01036 0.000770714 0.03281 0.439573 -0.0397241 -0.000536216
-0.0933105 0.0551238 -0.00969419 0.00829988 -0.00691409 0.439036 -0.00970313 -0.000212233
-0.189817 0.13775 -0.00959768 0.00821725 -0.0166172 0.438824 -0 -0
-0.285363 0.219554 -0.00950214 0.00813545 -0.0166172 0.438824 -0 -0
-0.379958 0.300543 -0.00940754 0.00805446 -0.0166172 0.438824 -0 -0
-0.4363 0.380726 0.00931389 0.00797427 -0.0166172 0.438824 -0 -0
-0.343579 0.460111 0.00922117 0.00789489 -0.0166172 0.438824 -0 -0
-0.251781 0.41308 0.00912937 -0.00781629 -0.0166172 0.438824 -0.0097436 0.000736884
-0.160897 0.335268 0.00903849 -0.00773848 -0.0263608 0.439561 0.0235972 -0.0523462
-0.0709182 0.258231 0.00894851 -0.00766144 -0.00276363 0.387215 -0 -0
0.0181653 0.18196 0.00885942 -0.00758517 -0.00276363 0.387215 0.000115664 -0.00371891
0.106362 0.106449 0.00877123 -0.00750966 -0.00264797 0.383496 -0.00366629 0.024411
0.193681 0.031689 0.00868391 -0.0074349 -0.00631425 0.407907 0.00014182 0.0151126
0.28013 -0.0423263 0.00859746 -0.00736089 -0.00617243 0.42302 -0 -0
0.365719 -0.115605 0.00851187 -0.00728761 -0.00617243 0.42302 -0 -0
0.450455 -0.188154 0.00842713 -0.00721506 -0.00617243 0.42302 2.30473e-005 0.00249904
0.366562 -0.259981 -0.00834324 -0.00714323 -0.00614939 0.425519 -0.00683721 0.0064511
0.283504 -0.331092 -0.00826018 -0.00707212 -0.0129866 0.43197 -0 -0
0.201273 -0.401496 -0.00817795 -0.00700172 -0.0129866 0.43197 -0.00865895 0.00168181
0.119861 -0.471199 -0.00809654 -0.00693202 -0.0216455 0.433651 -0.00461179 0.00166132
0.0392586 -0.416054 -0.00801594 0.00686301 -0.0262573 0.435313 -0.00140001 0.000754161
-0.040541 -0.347732 -0.00793614 0.00679468 -0.0276573 0.436067 -0 -0
-0.119546 -0.28009 -0.00785713 0.00672704 -0.0276573 0.436067 -0 -0
-0.197765 -0.213122 -0.00777891 0.00666007 -0.0276573 0.436067 -0.00122991 0.00148303
-0.275205 -0.14682 -0.00770147 0.00659377 -0.0288873 0.43755 -0 -0
-0.351874 -0.0811781 -0.0076248 0.00652813 -0.0288873 0.43755 -0.00010142 0.0016843
-0.42778 -0.0161898 -0.0075489 0.00646314 -0.0289887 0.439234 0.000105436 0.00202293
-0.41293 0.0481516 0.00747375 0.0063988 -0.0288832 0.441257 0.00227449 0.00216401
-0.338528 0.111852 0.00739935 0.0063351 -0.0266088 0.443421 0.00443237 0.00159016
-0.264867 0.174919 0.00732568 0.00627203 -0.0221764 0.445011 -0 -0
-0.191939 0.237358 0.00725276 0.00620959 -0.0221764 0.445011 -0.0060404 -0.00834412
-0.119737 0.299175 0.00718055 0.00614778 -0.0282168 0.436667 0.00398871 -0.036588
-0.0482535 0.360377 0.00710907 0.00608657 -0.0242281 0.400079 0.0466542 -0.0914095
-0.116865 0.276914 -0.006144 -0.00747388 0.0224261 0.30867 0.00317918 -0.0181249
-0.17803 0.202511 -0.00608284 -0.00739948 0.0256053 0.290545 0.00306349 -0.000887421
-0.238585 0.128848 -0.00602228 -0.00732582 0.0286688 0.289657 -0.0247732 0.0532663
-0.298538 0.0559185 -0.00596233 -0.00725289 0.00389553 0.342924 -0.0327692 0.0875147
-0.357893 -0.0162849 -0.00590297 -0.00718068 -0.0288736 0.430438 -0.0153653 0.0335665
-0.416658 -0.0877694 -0.00584421 -0.0071092 -0.0442389 0.464005 -0.00112057 0.00355313
-0.440052 -0.158542 0.00578603 -0.00703843 -0.0453595 0.467558 -0.00266463 0.00269071
-0.382452 -0.228611 0.00572843 -0.00696836 -0.0480241 0.470249 -0.00130413 -0.000763902
-0.250739 -0.179939 -0.0112618 0.00232661 -0.0493283 0.469485 -0.0012083 -0.00815309
-0.362852 -0.156777 -0.0111496 0.00230344 -0.0505366 0.461332 0.000241553 -0.0101359
-0.429627 -0.133846 0.0110387 0.00228051 -0.050295 0.451196 0.0029464 -0.00536477
-0.319736 -0.111143 0.0109288 0.00225781 -0.0473486 0.445831 0.00128982 -0.00371316
-0.210939 -0.0886666 0.01082 0.00223533 -0.0460588 0.442118 0.00797381 -0.00570333
-0.103225 -0.0664135 0.0107122 0.00221308 -0.038085 0.436415 0.0108149 -0.0033716
0.00341718 -0.0443821 0.0106056 0.00219105 -0.0272701 0.433043 0.0341412 -0.00392201
0.108997 -0.0225699 0.0105 0.00216924 0.00687117 0.429121 0.0158622 -0.00273085
0.213526 -0.000974908 0.0103955 0.00214764 0.0227334 0.42639 0.00916003 0.000385577
0.317015 0.0204051 0.010292 0.00212626 0.0318934 0.426776 0.00123738 4.89175e-005
0.419473 0.0415723 0.0101896 0.00210509 0.0331308 0.426825 -0 -0
0.379111 0.0625288 -0.0100881 0.00208414 0.0331308 0.426825 -0.0136515 0.000932277
0.278683 0.0832766 -0.00998769 0.00206339 0.0194793 0.427757 -0.0174539 -0.00338734
0.179254 0.103818 -0.00988826 0.00204285 0.00202542 0.42437 -0.0172552 -0.0196021
0.0808152 0.124155 -0.00978982 0.00202251 -0.0152298 0.404767 -0.039343 -0.0164475
-0.0166437 0.144289 -0.00969236 0.00200238 -0.0545728 0.38832 -0.0443582 -0.00930626
-0.113132 0.164223 -0.00959587 0.00198244 -0.098931 0.379014 -0.197635 -0.0616967
-0.20866 0.183958 -0.00950034 0.00196271 -0.296566 0.317317 -0.115898 -0.12524
-0.303237 0.203497 -0.00940577 0.00194317 -0.412464 0.192077 -0.0218613 -0.118829
-0.396873 0.222842 -0.00931213 0.00192382 -0.434326 0.0732479 0.0466442 0.00605794
-0.415636 0.241994 0.00921943 0.00190467 -0.387682 0.0793058 0.0343784 0.0131348
-0.323856 0.260955 0.00912765 0.00188571 -0.353303 0.0924406 0.120764 0.171625
-0.259486 0.334712 -0.00829804 0.027033 -0.232539 0.264066 0.135606 0.0640287
-0.342094 0.335385 -0.00821543 -0.0267639 -0.0969338 0.328094 0.00969617 0.0231941
-0.42388 0.0689473 -0.00813365 -0.0264975 -0.0872376 0.351288 0.00791766 0.0165504
-0.40788 -0.194838 0.00805267 -0.0262337 -0.07932 0.367839 0.0104839 0.00831656
-0.327715 -0.455997 0.00797251 -0.0259725 -0.0688361 0.376155 0.0252616 -0.00508464
-0.248347 -0.249383 0.00789314 0.025714 -0.0435745 0.371071 0.0103184 0.00927512
-0.16977 0.00660251 0.00781457 0.025458 -0.0332561 0.380346 0.00601803 0.0133368
-0.0919753 0.26004 0.00773677 0.0252045 -0.027238 0.393683 -0.0029981 -0.0157791
-0.19244 0.459871 -0.0223514 0.0119028 -0.0302361 0.377904 -0.0120228 -0.0129027
-0.414951 0.365182 -0.0221289 -0.0117843 -0.0422589 0.365001 -0 -0
-0.238913 0.247868 0.0219086 -0.011667 -0.0422589 0.365001 0.00077877 -0.00261931
-0.0208107 0.131721 0.0216905 -0.0115509 -0.0414802 0.362382 -0 -0
0.19512 0.0167305 0.0214745 -0.0114359 -0.0414802 0.362382 0.0154222 0.0100191
0.408902 -0.0971153 0.0212608 -0.011322 -0.026058 0.372401 0.0110061 0.0147677
0.282249 -0.209828 -0.0210491 -0.0112093 -0.0150519 0.387168 0.0108805 0.0101913
0.0727028 -0.321418 -0.0208396 -0.0110977 -0.00417138 0.39736 -0 -0
-0.134757 -0.431897 -0.0206321 -0.0109873 -0.00417138 0.39736 -0.00189731 0.00106064
-0.340152 -0.410284 -0.0204267 0.0108779 -0.00606869 0.39842 -0.0166464 0.0056176
-0.0106011 -0.0448626 -0.0143144 0.0043232 -0.0227151 0.404038 -0.00131855 0.00165973
-0.153103 -0.00182471 -0.0141719 0.00428016 -0.0240336 0.405698 -0.00785178 0.00552195
-0.294186 0.0407848 -0.0140308 0.00423755 -0.0318854 0.41122 0.0047352 0.00240678
-0.433864 0.0829701 -0.0138911 0.00419536 -0.0271502 0.413627 -0.00388343 0.01097
-0.323358 0.124735 0.0137528 0.0041536 -0.0310336 0.424596 -0 -0
-0.186447 0.166085 0.0136159 0.00411225 -0.0310336 0.424596 0.0101746 0.00593142
-0.0508989 0.207023 0.0134804 0.00407131 -0.020859 0.430528 0.0529743 -0.0279745
0.0833 0.247553 0.0133462 0.00403078 0.0321153 0.402553 0.00229596 -0.00181653
0.216163 0.28768 0.0132133 0.00399065 0.0344112 0.400737 -0.0148931 0.00722226
0.347703 0.327408 0.0130818 0.00395093 0.0195181 0.407959 -0.0102497 0.00778549
0.42605 0.36674 -0.0129516 0.00391159 0.00926849 0.415745 -0.00303712 0.00743029
0.297116 0.40568 -0.0128226 0.00387265 0.00623137 0.423175 -0.00699272 0.0129527
0.169465 0.444233 -0.012695 0.0038341 -0.000761346 0.436128 0.00231234 0.019947
-0 0.166667 -0 -0 0.00155099 0.456075 0.0194242 -0.00425175
-0 0.166667 -0 -0 0.0209752 0.451823 0.0212077 -0.0280602
-0 0.166667 -0 -0 0.0421829 0.423763 0.000639349 -0.00423811
-0 0.166667 -0 -0 0.0428222 0.419525 0.000899165 -0.0119502
-0 0.166667 -0 -0 0.0437214 0.407574 -0.0040679 -0.0117081
-0 0.166667 -0 -0 0.0396535 0.395866 -0.00193527 -0.0743421
-0 0.166667 -0 -0 0.0377182 0.321524 -0.0199111 -0.0403219
-0 0.166667 -0 -0 0.0178071 0.281202 -0.0471484 0.000380422
-0 0.166667 -0 -0 -0.0293413 0.281583 -0.0104809 -0.0235312
-0 0.166667 -0 -0 -0.0398222 0.258051 0.00228575 -0.00864794
-0 0.166667 -0 -0 -0.0375364 0.249404 0.0443778 -0.0729002
-0.11783 -0.00275299 -0.0192484 -0.0276759 0.00684135 0.176503 -0 -0
-0.30945 -0.27827 -0.0190568 -0.0274004 0.00684135 0.176503 0.0480713 0.0154868
-0.385734 -0.387952 0.0188671 0.0271276 0.0549127 0.19199 -0.068358 0.144343
-0.19791 -0.117894 0.0186792 0.0268576 -0.0134454 0.336333 -0.00617198 0.0870987
-0.0119556 0.149477 0.0184933 0.0265902 -0.0196173 0.423432 0.0691831 -0.0177931
0.172147 0.414185 0.0183092 0.0263255 0.0495658 0.405639 0.158278 -0.0749271
0.354417 0.257361 0.0181269 -0.0260634 0.207843 0.330712 -0.0582019 0.0108324
0.354869 -0.00210334 -0.0179465 -0.0258039 0.149641 0.341544 -0.00221603 0.00369374
0.17621 -0.258985 -0.0177678 -0.0255471 0.147425 0.345238 -0.0449222 0.0120029
-0 -0.166667 -0 -0 0.102503 0.357241 -0.0242503 0.0116592
-0 -0.166667 -0 -0 0.0782529 0.3689 -0.0358886 0.0164556
-0 -0.166667 -0 -0 0.0423643 0.385356 -0.00771083 0.00508246
-0 -0.166667 -0 -0 0.0346535 0.390438 -0.0259915 0.00302312
-0 -0.166667 -0 -0 0.00866203 0.393461 0.0154847 -0.0542324
-0 -0.166667 -0 -0 0.0241467 0.339229 0.00238667 -0.0135868
-0 -0.166667 -0 -0 0.0265334 0.325642 -0.0208394 0.0182437
0.304813 -0.057229 0.0133244 0.0087289 0.00569399 0.343886 -0.00679262 0.0284804
0.437458 0.0296682 0.0131917 0.008642 -0.00109862 0.372366 -0.00502968 0.0275723
0.332517 0.1157 -0.0130604 0.00855597 -0.00612831 0.399939 -0.00618374 0.0130924
0.202499 0.200876 -0.0129304 0.00847079 -0.0123121 0.413031 -0.0247557 0.0136376
0.0737756 0.285204 -0.0128016 0.00838646 -0.0370678 0.426669 -0.00311067 -0.000384642
-0.0536663 0.368692 -0.0126742 0.00830297 -0.0401784 0.426284 0.0305272 -0.0679749
-0.407929 0.364662 -0.0359642 -0.00225534 -0.00965121 0.358309 0.00101632 -0.00496484
-0.12183 0.34221 0.0356062 -0.00223289 -0.00863488 0.353344 0.000449049 0.00500808
-0.0368364 0.271578 0.00486282 -0.0067348 -0.00818583 0.358352 0.000129753 0.0118958
0.0115735 0.204532 0.00481441 -0.00666775 -0.00805608 0.370248 -0 -0
0.0595015 0.138154 0.00476648 -0.00660137 -0.00805608 0.370248 0.0116849 0.00386235
0.106952 0.0724364 0.00471903 -0.00653566 0.00362882 0.37411 0.00301203 -0.000820976
0.153931 0.00737312 0.00467205 -0.00647059 0.00664085 0.37329 0.000968659 0.0291894
0.200442 -0.0570424 0.00462554 -0.00640618 0.00760951 0.402479 -0.00244891 0.0199853
0.24649 -0.120817 0.00457949 -0.0063424 0.00516059 0.422464 -0 -0
0.292079 -0.183956 0.0045339 -0.00627926 0.00516059 0.422464 0.00196727 0.00513384
0.337214 -0.246467 0.00448877 -0.00621675 0.00712786 0.427598 0.00622125 -0.00331971
0.381901 -0.308355 0.00444408 -0.00615487 0.0133491 0.424278 0.00175986 -0.00577343
0.426142 -0.369628 0.00439984 -0.00609359 0.015109 0.418505 -0.0097084 -0.00614679
0.443754 -0.43029 -0.00435604 -0.00603293 0.00540058 0.412358 -0.0051429 0.000822415
0.40039 -0.466421 -0.00431267 0.00597287 0.000257675 0.413181 -0.00231234 0.00090254
0.357456 -0.406961 -0.00426974 0.00591341 -0.00205467 0.414083 -0 -0
0.314951 -0.348092 -0.00422724 0.00585454 -0.00205467 0.414083 -0.00861276 0.0087077
0.272868 -0.289809 -0.00418515 0.00579626 -0.0106674 0.422791 -0.00239804 0.00217767
0.231204 -0.232107 -0.00414349 0.00573856 -0.0130655 0.424969 -0 -0
0.189955 -0.174979 -0.00410224 0.00568143 -0.0130655 0.424969 -0.0026594 0.00308225
0.149117 -0.11842 -0.0040614 0.00562487 -0.0157249 0.428051 -0.0152047 -0.00326426
0.108685 -0.0624234 -0.00402097 0.00556887 -0.0309296 0.424786 -0.000583407 -0.00649358
0.068656 -0.00698459 -0.00398094 0.00551343 -0.031513 0.418293 4.06893e-005 -0.000801369
0.0290253 0.0479023 -0.00394131 0.00545855 -0.0314723 0.417492 -0.00443695 0.00171972
-0.0102109 0.102243 -0.00390207 0.00540421 -0.0359092 0.419211 -0.00241139 0.00241708
-0.0490565 0.156042 -0.00386323 0.00535041 -0.0383206 0.421628 -0.0288813 0.000355179
-0.0875154 0.209306 -0.00382477 0.00529714 -0.0672019 0.421984 -0.0455843 -0.0267615
-0.125591 0.26204 -0.00378669 0.00524441 -0.112786 0.395222 -0.0143203 -0.0145918
-0.163288 0.314249 -0.003749 0.0051922 -0.127106 0.38063 -0.0729835 -0.0639833
-0.30382 0.268741 -0.0176131 -0.00929276 -0.20009 0.316647 -0.00726831 -0.0155614
-0.409305 0.176231 0.0174378 -0.00920025 -0.207358 0.301085 0.0192372 0.00428014
-0.23571 0.0846412 0.0172642 -0.00910866 -0.188121 0.305366 0.0559485 0.0526631
-0.063843 -0.00603652 0.0170923 -0.00901798 -0.132173 0.358029 0.0540371 0.0616452
0.106313 -0.0958116 0.0169222 -0.0089282 -0.0781356 0.419674 0.0317067 0.0230402
0.0261033 0.0211179 -0.0243386 0.00475222 -0.0464289 0.442714 0.0425971 -0.0199403
-0.21619 0.0684268 -0.0240963 0.00470491 -0.00383174 0.422774 -0.001001 -0.00551132
-0.456072 0.115265 -0.0238564 0.00465807 -0.00483274 0.417263 -0.00122728 -0.00087447
-0.218578 0.161636 0.0236189 0.0046117 -0.00606002 0.416388 -0.00688298 -0.000399106
0.0165509 0.207546 0.0233838 0.00456579 -0.012943 0.415989 0.000319601 0.00607998
0.249339 0.252999 0.023151 0.00452033 -0.0126234 0.422069 0.00265495 0.00242965
0.433924 0.298 -0.0229205 0.00447533 -0.00996845 0.424499 -0.00558383 0.00339554
0.205747 0.342552 -0.0226924 0.00443078 -0.0155523 0.427894 0.00161361 -0.00875389
-0.0201584 0.386661 -0.0224665 0.00438667 -0.0139387 0.41914 0.00221331 -0.0195848
-0.276079 0.394503 -0.022917 0.000702177 -0.0117254 0.399555 -0 -0
-0.367814 0.401493 0.0226888 0.000695186 -0.0117254 0.399555 -0 -0
-0.141944 0.408414 0.0224629 0.000688266 -0.0117254 0.399555 -0.00223958 -0.000426319
-0.0378947 0.442734 0.00445864 0.00391589 -0.0139649 0.399129 -0.00236234 3.3346e-005
0.00649153 0.481717 0.00441425 0.00387691 -0.0163273 0.399162 -0.00143967 0.000459344
-0 0.166667 -0 -0 -0.0177669 0.399622 -0.0147298 0.0103763
-0 0.166667 -0 -0 -0.0324967 0.409998 -0.000164947 0.00368882
-0 0.166667 -0 -0 -0.0326617 0.413687 0.011282 -0.00858406
-0 0.166667 -0 -0 -0.0213796 0.405103 0.00499933 -0.0315405
-0 0.166667 -0 -0 -0.0163803 0.373562 -0.00922775 -0.0257976
-0 0.166667 -0 -0 -0.0256081 0.347765 -0.00633216 -0.102069
-0 0.166667 -0 -0 -0.0319402 0.245695 -0.00742978 -0.0133015
-0 0.166667 -0 -0 -0.03937 0.232394 0.0411038 -0.079989
-0 0.166667 -0 -0 0.00173379 0.152405 0.0437093 -0.0474596
-0 0.166667 -0 -0 0.0454431 0.104945 -0.0611654 0.0448331
-0.00773441 0.250146 -0.00126347 0.0136369 -0.0157224 0.149778 -0.0289237 0.0359327
-0.0203124 0.385903 -0.00125089 0.0135012 -0.0446461 0.185711 -0.0313159 0.0268095
-0 0.166667 -0 -0 -0.0759619 0.21252 -0.0541993 0.049004
-0 0.166667 -0 -0 -0.130161 0.261524 -0.00204393 0.0361643
-0 0.166667 -0 -0 -0.132205 0.297689 0.0235703 0.0257372
-0 0.166667 -0 -0 -0.108635 0.323426 0.0158746 -0.022851
-0 0.166667 -0 -0 -0.0927603 0.300575 0.0268566 -0.0392476
-0 0.166667 -0 -0 -0.0659037 0.261327 0.0506472 -0.0625321
0.00903652 0.147637 0.00429675 -0.0090485 -0.0152565 0.198795 0.0475646 -0.0540084
0.0518112 0.0575578 0.00425398 -0.00895843 0.0323081 0.144787 0.00376316 -0.00198438
0.0941601 -0.0316244 0.00421163 -0.00886924 0.0360713 0.142802 -0.0414315 0.101736
0.136087 -0.119919 0.0041697 -0.00878095 -0.00536023 0.244538 -0.0283565 0.0795332
0.177597 -0.207334 0.00412819 -0.00869353 -0.0337167 0.324071 -0.000828693 0.0444665
0.218694 -0.293879 0.00408709 -0.00860699 -0.0345454 0.368538 0.0140005 0.0348452
0.259381 -0.379563 0.00404641 -0.0085213 -0.0205448 0.403383 0.00942212 0.027662
0.299664 -0.464394 0.00400612 -0.00843647 -0.0111227 0.431045 0.00612093 0.0131463
-0.201547 0.00733306 -0.00264012 0.00735933 -0.00500178 0.444191 0.00243742 0.00710721
-0.22783 0.0805961 -0.00261384 0.00728607 -0.00256436 0.451299 0.00232919 0.00215692
-0.253851 0.15313 -0.00258782 0.00721354 -0.000235171 0.453456 -0.00189488 0.00156616
-0.279613 0.224941 -0.00256205 0.00714173 -0.00213005 0.455022 -0.00582096 0.00369774
-0.305118 0.296038 -0.00253655 0.00707063 -0.00795101 0.45872 -0.00116982 0.000414482
-0.33037 0.366427 -0.0025113 0.00700024 -0.00912083 0.459134 -0.00231117 0.00229054
-0.35537 0.436115 -0.0024863 0.00693055 -0.011432 0.461425 -0.00342565 0.00182414
-0.380122 0.45008 -0.00246155 -0.00686156 -0.0148576 0.463249 -0.00889772 0.000860646
-0.404627 0.381772 -0.00243704 -0.00679325 -0.0237554 0.464109 -0.00818625 -0.000619022
-0.428888 0.314145 -0.00241278 -0.00672562 -0.0319416 0.46349 -0.00190608 -0.00172095
-0.452907 0.24719 -0.00238876 -0.00665867 -0.0338477 0.461769 0.00954531 -0.00946963
-0.438677 0.180902 0.00236498 -0.00659238 -0.0243024 0.4523 0.00369119 -0.00437751
-0.415133 0.115274 0.00234144 -0.00652675 -0.0206112 0.447922 0.00588392 -0.00492792
-0.391824 0.0502999 0.00231813 -0.00646178 -0.0147273 0.442994 0.00240941 -0.00108471
-0.368747 -0.0140279 0.00229505 -0.00639745 -0.0123179 0.44191 0.00219835 -0.000672996
-0.345899 -0.0777152 0.0022722 -0.00633376 -0.0101195 0.441237 -0 -0
-0.323279 -0.140769 0.00224958 -0.00627071 -0.0101195 0.441237 0.00260044 -0.00113345
-0.300884 -0.203194 0.00222719 -0.00620828 -0.00751908 0.440103 -0 -0
-0.278713 -0.264998 0.00220501 -0.00614648 -0.00751908 0.440103 -0 -0
-0.256761 -0.326187 0.00218306 -0.00608529 -0.00751908 0.440103 -0 -0
-0.235029 -0.386767 0.00216133 -0.00602471 -0.00751908 0.440103 -0.00200001 -0.00218268
-0.213512 -0.446744 0.00213981 -0.00596473 -0.00951909 0.43792 -0.0143792 -0.00232748
-0.19221 -0.458762 0.00211851 0.00590535 -0.0238983 0.435593 -0.00138267 0.000272847
-0.17112 -0.399974 0.00209742 0.00584657 -0.0252809 0.435866 -8.95018e-005 0.00287354
-0.15024 -0.341771 0.00207654 0.00578836 -0.0253704 0.438739 0.00242912 0.00482488
-0.129568 -0.284147 0.00205587 0.00573074 -0.0229413 0.443564 0.00499214 0.00767581
-0.109101 -0.227097 0.0020354 0.00567369 -0.0179492 0.45124 0.00472036 0.00291917
-0.0888388 -0.170614 0.00201514 0.00561721 -0.0132288 0.454159 0.00533434 0.000811255
-0.0687778 -0.114694 0.00199508 0.00556129 -0.00789448 0.45497 0.00903741 -0.00389768
-0.0489166 -0.0593311 0.00197522 0.00550592 0.00114293 0.451073 0.012885 -0.00750561
-0.029253 -0.00451899 0.00195556 0.00545111 0.014028 0.443567 0.00915823 -0.0118485
-0.00978525 0.0497475 0.00193609 0.00539684 0.0231862 0.431719 0.00744432 -0.00768345
0.00948874 0.103474 0.00191681 0.00534312 0.0306305 0.424035 0.0101989 -0.0162787
0.0285708 0.156665 0.00189773 0.00528993 0.0408294 0.407757 0.00301869 -0.0071763
0.047463 0.209327 0.00187884 0.00523726 0.0438481 0.40058 0.0118382 -0.0291221
0.0661671 0.261465 0.00186014 0.00518513 0.0556863 0.371458 0.0171333 -0.0330947
0.0904846 0.308347 0.00346912 0.00018287 0.0728196 0.338363 0.0275707 -0.0619882
0.12502 0.310168 0.00343459 0.000181049 0.10039 0.276375 0.00230294 -0.00361694
0.159212 0.31197 0.00340039 0.000179247 0.102693 0.272758 -0.0118424 0.00553391
0.193063 0.313755 0.00336654 0.000177463 0.0908509 0.278292 -0.014657 0.0273361
-0.274308 -0.232338 -0.0152632 9.90045e-005 0.0761939 0.305628 0.038413 0.0216221
-0.426255 -0.231352 -0.0151112 9.80189e-005 0.114607 0.32725 -0.0234434 0.0159345
-0.336236 -0.230376 0.0149608 9.70431e-005 0.0911635 0.343185 -0.0627512 0.0557734
-0.187299 -0.22941 0.0148119 9.6077e-005 0.0284123 0.398958 -0 -0
-0.0398449 -0.228454 0.0146644 9.51206e-005 0.0284123 0.398958 -0.00173323 0.00712302
0.106141 -0.227507 0.0145184 9.41736e-005 0.0266791 0.406081 -0.00617703 0.027602
0.250674 -0.226569 0.0143739 9.32361e-005 0.0205021 0.433683 -0.000236519 0.00555217
0.393768 -0.225641 0.0142308 9.23079e-005 0.0202655 0.439236 -0 -0
0.365774 -0.224722 -0.0140891 9.1389e-005 0.0202655 0.439236 0.00889961 0.00780821
0.225515 -0.223813 -0.0139489 9.04792e-005 0.0291651 0.447044 0.0115498 0.00214914
0.0866525 -0.222912 -0.01381 8.95785e-005 0.0407149 0.449193 -0.00208068 -0.00214136
-0.0508279 -0.22202 -0.0136725 8.86867e-005 0.0386343 0.447052 -0.0293134 -0.00344985
-0.18694 -0.221137 -0.0135364 8.78038e-005 0.00932085 0.443602 -0.0162743 -0.00142211
-0.321696 -0.220263 -0.0134017 8.69297e-005 -0.00695345 0.44218 -0 -0
-0.455112 -0.219398 -0.0132683 8.60643e-005 -0.00695345 0.44218 -0 -0
-0.323025 -0.218541 0.0131362 8.52076e-005 -0.00695345 0.44218 -0.00367653 -0.00165673
-0.192252 -0.217693 0.0130054 8.43593e-005 -0.01063 0.440523 -0.00248352 -0.0013799
-0.0627822 -0.216853 0.0128759 8.35195e-005 -0.0131135 0.439143 -0 -0
0.0653992 -0.216021 0.0127477 8.26881e-005 -0.0131135 0.439143 -0 -0
0.192304 -0.215198 0.0126208 8.18649e-005 -0.0131135 0.439143 -0 -0
0.317946 -0.214383 0.0124952 8.10499e-005 -0.0131135 0.439143 -0.000228184 -0.000911439
0.442338 -0.213576 0.0123708 8.0243e-005 -0.0133417 0.438232 -0 -0
0.343926 -0.212778 -0.0122477 7.94442e-005 -0.0133417 0.438232 -0 -0
0.222 -0.211987 -0.0121257 7.86533e-005 -0.0133417 0.438232 0.0058039 -0.00283107
0.101286 -0.211204 -0.012005 7.78703e-005 -0.00753778 0.4354 -0.0124084 -0.002104
-0.0182248 -0.210428 -0.0118855 7.70951e-005 -0.0199462 0.433296 -0.0128187 -0.00028783
-0.136546 -0.209661 -0.0117672 7.63276e-005 -0.0327649 0.433009 -0.00248973 -6.814e-005
-0.25369 -0.208901 -0.01165 7.55678e-005 -0.0352546 0.43294 0.0211062 -0.000781401
-0.369668 -0.208149 -0.0115341 7.48155e-005 -0.0141484 0.432159 0.0825808 -0.0168541
-0.415838 -0.207404 0.0114192 7.40707e-005 0.0684324 0.415305 0.0062166 -0.00317799
-0.302158 -0.206667 0.0113056 7.33333e-005 0.0746491 0.412127 0.00228748 -0.000423884
-0.18961 -0.205937 0.011193 7.26033e-005 0.0769365 0.411703 -0 -0
-0.0781821 -0.205214 0.0110816 7.18805e-005 0.0769365 0.411703 0.000250908 0.000139611
0.0321363 -0.204498 0.0109713 7.11649e-005 0.0771874 0.411843 -0.00128289 0.00127492
0.141357 -0.20379 0.010862 7.04565e-005 0.0759045 0.413118 -0.00250913 0.00084494
0.249489 -0.203088 0.0107539 6.97551e-005 0.0733954 0.413963 -0.00745996 0.000959843
0.356546 -0.202394 0.0106468 6.90606e-005 0.0659355 0.414922 -0.0108133 0.00531142
0.441434 -0.201706 -0.0105409 6.83731e-005 0.0551221 0.420234 -0.0026237 0.00142615
0.336498 -0.201026 -0.0104359 6.76925e-005 0.0524984 0.42166 -0.0131231 0.0031362
0.232607 -0.200352 -0.010332 6.70186e-005 0.0393753 0.424796 -0.00930501 -5.18646e-005
-0.0220522 -0.141063 0.0176971 0.00138606 0.0300703 0.424744 -0.00225962 -0.000484437
0.154124 -0.127264 0.0175209 0.00137226 0.0278107 0.42426 -0 -0
0.328546 -0.113603 0.0173465 0.0013586 0.0278107 0.42426 -0.0206853 -0.00379557
0.397983 -0.100078 -0.0171738 0.00134508 0.00712542 0.420464 -0.0255464 -0.00336401
0.227017 -0.0866879 -0.0170028 0.00133169 -0.0184209 0.4171 -0.00398053 -0.000852244
0.0577516 -0.0734308 -0.0168335 0.00131843 -0.0224015 0.416248 -0 -0
-0.109828 -0.0603056 -0.016666 0.00130531 -0.0224015 0.416248 -0.0168926 -0.000288228
-0.27574 -0.0473112 -0.0165 0.00129231 -0.0392941 0.41596 -0.0231648 -6.48102e-005
-0.44 -0.034446 -0.0163358 0.00127945 -0.0624589 0.415895 -0 -0
-0.310047 -0.021709 0.0161732 0.00126671 -0.0624589 0.415895 0.0143268 -0.000699007
-0.149041 -0.00909877 0.0160122 0.0012541 -0.0481321 0.415196 0.0284821 -6.66318e-005
0.010362 0.00338594 0.0158528 0.00124161 -0.0196499 0.415129 0.0166229 0.00240953
0.168178 0.0157464 0.0156949 0.00122925 -0.003027 0.417539 0.0164232 0.00509877
0.324423 0.0279837 0.0155387 0.00121702 0.0133962 0.422638 0.0109337 0.00614859
0.417484 0.0400993 -0.015384 0.0012049 0.0243299 0.428786 -0 -0
0.264335 0.0520942 -0.0152309 0.00119291 0.0243299 0.428786 -0.0150589 -0.00271347
0.11271 0.0639697 -0.0150792 0.00118103 0.00927105 0.426073 -0.0160802 -0.00347677
-0.0374059 0.075727 -0.0149291 0.00116927 -0.00680918 0.422596 -0.0137148 -0.0015215
-0.186027 0.0873673 -0.0147805 0.00115763 -0.020524 0.421075 -0.00934683 -0.00233403
-0.333169 0.0988916 -0.0146333 0.00114611 -0.0298708 0.41874 0.00194698 -0.00158361
-0.420808 0.110301 0.0144877 0.0011347 -0.0279238 0.417157 0.0146828 -0.00369524
-0.276581 0.121597 0.0143434 0.0011234 -0.0132411 0.413462 0.0203649 -0.00116347
-0.13379 0.132781 0.0142007 0.00111222 0.00712386 0.412298 0.00849873 0.00238438
0.00757889 0.143853 0.0140593 0.00110115 0.0156226 0.414683 0.015996 0.00989087
0.147541 0.154815 0.0139193 0.00109018 0.0316186 0.424573 0.0217593 0.00308559
0.286109 0.165668 0.0137808 0.00107933 0.0533779 0.427659 0.0199433 0.000406108
0.423298 0.176413 0.0136436 0.00106859 0.0733211 0.428065 -0 -0
0.342022 0.187051 -0.0135077 0.00105795 0.0733211 0.428065 0.00112259 -0.00103577
0.207551 0.197583 -0.0133733 0.00104742 0.0744437 0.427029 -0.0446024 0.00532513
0.0744183 0.20801 -0.0132401 0.00103699 0.0298413 0.432354 -0.0423792 0.00213849
-0.0573889 0.218334 -0.0131083 0.00102667 -0.0125379 0.434493 -0.0234873 0.000648334
-0.187884 0.228554 -0.0129778 0.00101645 -0.0360252 0.435141 -0.0075826 6.8838e-005
-0.31708 0.238673 -0.0128486 0.00100633 -0.0436078 0.43521 -0.0146106 2.67911e-005
-0.44499 0.248691 -0.0127207 0.000996309 -0.0582184 0.435237 -0.00272005 -0.00104339
-0.343795 0.258609 0.0125941 0.000986391 -0.0609385 0.434194 0.0298639 -0.00427653
-0.218419 0.268429 0.0124687 0.000976571 -0.0310745 0.429917 0.0850798 -0.00687597
-0.0942913 0.278151 0.0123446 0.000966849 0.0540052 0.423041 0.0402364 -0.0028156
0.0286006 0.287776 0.0122217 0.000957224 0.0942417 0.420225 0.0140901 0.000151676
0.150269 0.297305 0.0121 0.000947695 0.108332 0.420377 -0 -0
0.270726 0.30674 0.0119796 0.00093826 0.108332 0.420377 -0.00442132 0.000327992
0.181144 0.0117353 -0.00684781 0.0021616 0.10391 0.420705 -0.00620816 0.00118465
0.112973 0.0332543 -0.00677964 0.00214008 0.0977023 0.42189 -0.020202 0.00235665
0.0454809 0.0545591 -0.00671215 0.00211877 0.0775003 0.424246 -0.0563148 0.00279503
-0.0213394 0.0756517 -0.00664533 0.00209768 0.0211855 0.427041 -0.0424497 0.000942366
-0.0874944 0.0965344 -0.00657917 0.0020768 -0.0212642 0.427984 -0 -0
-0.152991 0.117209 -0.00651368 0.00205612 -0.0212642 0.427984 -0.0114155 0.00076476
-0.217835 0.137678 -0.00644883 0.00203566 -0.0326797 0.428749 -0.00766897 0.000462647
-0.282034 0.157943 -0.00638463 0.00201539 -0.0403487 0.429211 -0.0163548 0.00323331
-0.345594 0.178007 -0.00632107 0.00199533 -0.0567034 0.432445 -0.0425977 0.00401356
-0.408521 0.19787 -0.00625815 0.00197546 -0.0993012 0.436458 -0.00851045 0.000785518
-0.433572 0.217536 0.00619585 0.0019558 -0.107812 0.437244 -0 -0
-0.371892 0.237007 0.00613416 0.00193633 -0.107812 0.437244 -0 -0
-0.310825 0.256283 0.0060731 0.00191705 -0.107812 0.437244 0.0017365 -0.00020409
-0.250367 0.275367 0.00601264 0.00189797 -0.106075 0.43704 0.0116458 -0.00611366
-0.19051 0.294262 0.00595278 0.00187907 -0.0944294 0.430926 0.0154224 -0.0116683
-0.13125 0.312968 0.00589352 0.00186037 -0.079007 0.419258 0.015373 -0.0110085
-0.0725789 0.331488 0.00583485 0.00184184 -0.063634 0.408249 0.0448556 -0.0404038
-0.00900133 0.332899 0.00511686 -0.00685341 -0.0187784 0.367845 0.0167627 -0.0221778
0.0419377 0.264673 0.00506593 -0.00678519 -0.00201568 0.345667 0.00881427 -0.00653621
0.0923696 0.197126 0.00501549 -0.00671764 0.00679859 0.339131 -0 -0
0.142299 0.130251 0.00496556 -0.00665077 0.00679859 0.339131 0.00300627 0.000452761
0.191732 0.0640414 0.00491613 -0.00658456 0.00980486 0.339584 -0.00410195 0.0213419
0.240673 -0.00150861 0.00486719 -0.00651901 0.00570291 0.360926 -0.0180821 0.0257977
0.289126 -0.0664061 0.00481874 -0.00645411 -0.0123792 0.386724 -0.0123733 0.0304647
0.337097 -0.130658 0.00477077 -0.00638986 -0.0247525 0.417188 -0.0186148 0.0188048
0.384591 -0.194269 0.00472327 -0.00632625 -0.0433673 0.435993 -0.00467203 0.003653
0.431612 -0.257248 0.00467625 -0.00626327 -0.0480393 0.439646 -0.00351693 0.00141355
0.431728 -0.319599 -0.0046297 -0.00620092 -0.0515563 0.44106 -0.00123168 0.000376982
0.385639 -0.38133 -0.00458361 -0.00613919 -0.0527879 0.441437 -0 -0
0.340009 -0.442447 -0.00453798 -0.00607807 -0.0527879 0.441437 -0 -0
0.294832 -0.454693 -0.0044928 0.00601756 -0.0527879 0.441437 -0.000424351 -0.000602454
0.250106 -0.394788 -0.00444808 0.00595766 -0.0532123 0.440834 -0 -0
0.205825 -0.335479 -0.0044038 0.00589835 -0.0532123 0.440834 -0 -0
0.161985 -0.27676 -0.00435996 0.00583963 -0.0532123 0.440834 -0.00275811 -0.00436173
0.118581 -0.218626 -0.00431655 0.00578149 -0.0559704 0.436472 -0.00398011 -0.00357692
0.0756089 -0.16107 -0.00427358 0.00572394 -0.0599505 0.432896 -0.00383366 -0.00251271
0.0330649 -0.104088 -0.00423104 0.00566696 -0.0637842 0.430383 -0.00123185 -0.0003524
-0.00905554 -0.0476726 -0.00418892 0.00561054 -0.065016 0.43003 -0.00876873 -0.00145638
-0.0507567 0.00818095 -0.00414721 0.00555469 -0.0737847 0.428574 -0.0165896 -0.0043086
-0.0920427 0.0634785 -0.00410593 0.00549939 -0.0903743 0.424265 -0.0383127 -0.0103098
0.264951 -0.217269 0.00107255 0.0022606 -0.128687 0.413956 -0.0278754 -0.0218265
0.275629 -0.194765 0.00106187 0.0022381 -0.156562 0.392129 -0.00381384 -0.00665706
0.2862 -0.172484 0.0010513 0.00221582 -0.160376 0.385472 0.0365639 -0.00138061
0.296666 -0.150425 0.00104083 0.00219376 -0.123812 0.384091 0.0742689 0.0077111
0.307027 -0.128586 0.00103047 0.00217192 -0.0495435 0.391803 0.0355014 0.01123
0.317286 -0.106964 0.00102021 0.0021503 -0.014042 0.403033 0.0517513 0.00811185
0.327442 -0.085558 0.00101006 0.00212889 0.0377093 0.411144 0.0456538 0.00520165
0.337497 -0.0643646 0.001 0.0021077 0.0833631 0.416346 0.0144454 0.00379743
0.347452 -0.0433822 0.000990048 0.00208672 0.0978085 0.420144 0.00355235 0.00329378
0.357309 -0.0226087 0.000980191 0.00206594 0.101361 0.423437 -0 -0
0.367066 -0.00204204 0.000970434 0.00204538 0.101361 0.423437 0.0110684 0.00197994
0.376727 0.0183199 0.000960773 0.00202501 0.112429 0.425417 -0 -0
0.386292 0.0384792 0.000951208 0.00200485 0.112429 0.425417 0.00146126 -0.000302966
0.395761 0.0584377 0.000941739 0.0019849 0.113891 0.425114 -0 -0
0.405136 0.0781976 0.000932364 0.00196514 0.113891 0.425114 0.00294359 -0.00141994
0.414418 0.0977608 0.000923082 0.00194557 0.116834 0.423694 0.00374806 -0.000902787
0.423608 0.117129 0.000913892 0.0019262 0.120582 0.422792 -0 -0
0.432705 0.136305 0.000904795 0.00190703 0.120582 0.422792 -0 -0
0.441713 0.155289 0.000895787 0.00188804 0.120582 0.422792 -0 -0
0.45063 0.174085 0.00088687 0.00186925 0.120582 0.422792 0.00851 -0.000578939
0.455942 0.192694 -0.000878041 0.00185064 0.129092 0.422213 0.014773 -0.000130543
0.447201 0.211117 -0.0008693 0.00183222 0.143865 0.422082 0.0921773 -0.0153715
0.438547 0.229357 -0.000860646 0.00181398 0.236042 0.406711 0.0246692 -0.00756938
0.429979 0.247415 -0.000852078 0.00179592 0.260712 0.399141 0.0235046 -0.0073083
0.421497 0.265294 -0.000843595 0.00177804 0.284216 0.391833 0.0259397 -0.00510787
0.413098 0.282995 -0.000835197 0.00176034 0.310156 0.386725 0.0180158 -0.00359605
0.404784 0.300519 -0.000826883 0.00174281 0.328172 0.383129 0.0116965 -0.00520063
0.396552 0.317869 -0.000818651 0.00172546 0.339868 0.377928 0.0185784 -0.00553618
0.388402 0.335046 -0.000810501 0.00170829 0.358447 0.372392 0.0408851 -0.045244
0.424719 0.291458 0.00325204 -0.00390322 0.399332 0.327148 0.0046084 -0.0125159
0.419913 0.21368 -0.00549329 -0.00696479 0.40394 0.314632 -0.0180805 -0.0128646
0.365227 0.144345 -0.0054386 -0.00689545 0.38586 0.301768 -0.113002 0.0104273
0.311085 0.0756995 -0.00538446 -0.00682681 0.272858 0.312195 -0.140828 0.0287629
0.257482 0.00773781 -0.00533086 -0.00675885 0.13203 0.340958 -0.0673646 0.0351614
0.204413 -0.0595473 -0.00527779 -0.00669156 0.0646653 0.376119 -0.0519634 0.0500782
0.151872 -0.126163 -0.00522525 -0.00662495 0.0127019 0.426197 -0.0234944 0.0270502
0.0998538 -0.192115 -0.00517323 -0.00655899 -0.0107924 0.453248 -0.0118412 0.0144002
0.0483537 -0.25741 -0.00512173 -0.0064937 -0.0226337 0.467648 -0.00621862 0.000332032
-0.00263374 -0.322056 -0.00507074 -0.00642905 -0.0288523 0.46798 0.00384605 -0.0085473
-0.0531136 -0.386058 -0.00502026 -0.00636505 -0.0250062 0.459433 0.00233778 -0.00644887
0.128509 -0.107858 0.00532149 0.000544525 -0.0226685 0.452984 -0 -0
0.181485 -0.102437 0.00526852 0.000539104 -0.0226685 0.452984 -0 -0
0.233934 -0.0970704 0.00521607 0.000533737 -0.0226685 0.452984 0.002109 -0.003222
0.28586 -0.0917569 0.00516414 0.000528424 -0.0205594 0.449762 0.0102491 -0.00535497
0.33727 -0.0864964 0.00511273 0.000523163 -0.0103103 0.444407 0.0193829 -0.00364911
0.388168 -0.0812883 0.00506183 0.000517955 0.0090726 0.440758 -0 -0
0.438559 -0.076132 0.00501144 0.000512799 0.0090726 0.440758 0.00279747 -0.00112362
0.418708 -0.071027 -0.00496155 0.000507694 0.0118701 0.439634 0.0315199 -0.0204058
0.369315 -0.0659729 -0.00491216 0.00050264 0.0433899 0.419228 0.0161017 -0.0319969
0.320414 -0.060969 -0.00486326 0.000497636 0.0594916 0.387231 0.00100154 -0.0191538
0.272 -0.056015 -0.00481484 0.000492682 0.0604931 0.368078 -0.0196434 -0.0216255
0.224067 -0.0511103 -0.00476691 0.000487777 0.0408497 0.346452 -0.0410915 -0.019957
0.176612 -0.0462544 -0.00471946 0.000482921 -0.00024177 0.326495 -0.0580398 -0.0232374
0.129629 -0.0414469 -0.00467247 0.000478114 -0.0582816 0.303258 -0.0455586 -0.0181638
0.0831142 -0.0366872 -0.00462596 0.000473354 -0.10384 0.285094 -0.0223276 -0.0227061
0.0370623 -0.0319749 -0.00457991 0.000468642 -0.126168 0.262388 -0.0518783 -0.0560868
-0.00853123 -0.0273095 -0.00453431 0.000463976 -0.178046 0.206301 -0.0703361 -0.0923468
-0.0536709 -0.0226906 -0.00448917 0.000459357 -0.248382 0.113954 -0.0183618 -0.0468869
-0.0983611 -0.0181176 -0.00444448 0.000454784 -0.266744 0.0670673 -0.00740447 -0.00864187
-0.142606 -0.0135902 -0.00440024 0.000450257 -0.274148 0.0584254 -0.0094198 0.00200703
-0.186411 -0.00910783 -0.00435643 0.000445774 -0.283568 0.0604324 -0 -0
-0.22978 -0.00467009 -0.00431306 0.000441337 -0.283568 0.0604324 -0 -0
-0.272717 -0.00027653 -0.00427013 0.000436943 -0.283568 0.0604324 -0.00978294 -0.01793
-0.315227 0.00407329 -0.00422762 0.000432593 -0.293351 0.0425024 -0 -0
-0.357313 0.00837981 -0.00418553 0.000428287 -0.293351 0.0425024 -0 -0
-0.398981 0.0126435 -0.00414386 0.000424023 -0.293351 0.0425024 -0.00250852 0.0237951
-0.440233 0.0168647 -0.00410261 0.000419802 -0.29586 0.0662975 -0.000656782 0.0385928
-0.432163 0.0210438 0.00406177 0.000415623 -0.296516 0.10489 -0.0265484 0.0454556
-0.391728 0.0251814 0.00402133 0.000411485 -0.323065 0.150346 0.00156252 0.00555858
-0.351695 0.0292778 0.0039813 0.000407389 -0.321502 0.155904 0.0176551 -0.0545415
-0.312061 0.0333334 0.00394167 0.000403333 -0.303847 0.101363 0.0245235 -0.0622746
-0.296621 -0.0257368 -4.25293e-005 -0.00851225 -0.279324 0.0390884 0.00347831 -0.00477755
-0.297044 -0.110477 -4.21059e-005 -0.00842751 -0.275845 0.0343108 -0 -0
-0.297463 -0.194374 -4.16868e-005 -0.00834361 -0.275845 0.0343108 0.0354113 0.0302605
-0.297878 -0.277436 -4.12718e-005 -0.00826055 -0.240434 0.0645713 0.144141 0.135944
-0.298289 -0.35967 -4.08609e-005 -0.00817831 -0.0962929 0.200515 0.0456741 0.0803809
-0.298696 -0.441087 -4.04541e-005 -0.0080969 -0.0506188 0.280896 0.0109141 0.114408
-0.299099 -0.441288 -4.00514e-005 0.00801629 -0.0397048 0.395304 -0.0178509 0.0597648
-0.299497 -0.361485 -3.96527e-005 0.00793649 -0.0575556 0.455069 -0.00332335 0.017739
-0.299892 -0.282476 -3.92579e-005 0.00785748 -0.060879 0.472808 -0.0109494 -0.00228194
-0.0340575 -0.202299 -0.0207909 0.00292063 -0.0718284 0.470526 -0.0108027 -0.0291148
-0.241034 -0.173224 -0.020584 0.00289156 -0.0826311 0.441411 -0.000572072 -0.00447373
-0.44595 -0.144438 -0.0203791 0.00286277 -0.0832032 0.436937 -0.00079914 -0.00598149
-0.243074 -0.115939 0.0201762 0.00283427 -0.0840023 0.430956 -0.00208243 -0.00642806
-0.0422176 -0.0877233 0.0199753 0.00280606 -0.0860847 0.424528 -0.00106055 -0.00682398
0.156639 -0.0597886 0.0197765 0.00277812 -0.0871453 0.417704 -0.175017 -0.0568918
0.353516 -0.0321321 0.0195796 0.00275047 -0.262163 0.360812 -0 -0
0.354004 -0.00475089 -0.0193847 0.00272308 -0.262163 0.360812 -0 -0