0.735758 0.387952 -0.00118677 0.000490232 0.401212 0.554217 -0.00848485 0.00240964
0.727273 0.390361 -0.00118677 0.000490232 0.401212 0.554217 -0.00848485 0.00240964
0.718788 0.392771 -0.00118677 0.000490232 0.401212 0.554217 -0.00848485 0.00240964
0.710303 0.395181 -0.00118677 0.000490232 0.401212 0.554217 -0.0254545 0.00722892
0.684848 0.40241 -0.00118677 0.000490232 0.4 0.554217 -0.00848485 0.00240964
0.676364 0.404819 -0.00118677 0.000490232 0.373333 0.556627 -0.00848485 0.00240964
0.667879 0.407229 -0.00118677 0.000490232 0.317576 0.6 -0.00848485 0.00240964
0.659394 0.409639 -0.00118677 0.000490232 0.295758 0.612048 -0.0254545 0.00722892
0.633939 0.416867 -0.00118677 0.000490232 0.242424 0.609639 -0.00848485 0.00240964
0.625455 0.419277 -0.00118677 0.000490232 0.242424 0.607229 -0.00848485 0.00240964
0.61697 0.421687 -0.00118677 0.000490232 0.242424 0.607229 -0.00848485 0.00240964
0.608485 0.424096 -0.00118677 0.000490232 0.244848 0.604819 -0.0254545 0.00722892
0.58303 0.431325 -0.00118677 0.000490232 0.334545 0.518072 -0.00848485 0.00240964
0.574545 0.433735 -0.00118677 0.000490232 0.349091 0.508434 -0.00848485 0.00240964
0.566061 0.436145 -0.00118677 0.000490232 0.353939 0.503614 -0.00848485 0.00240964
0.557576 0.438554 -0.00118677 0.000490232 0.353939 0.501205 -0.0254545 0.00722892
0.532121 0.445783 -0.00118677 0.000490232 0.353939 0.501205 -0.00848485 0.00240964
0.523636 0.448193 -0.00118677 0.000490232 0.353939 0.501205 -0.00848485 0.00240964
0.515152 0.450602 -0.00118677 0.000490232 0.353939 0.501205 -0.00848485 0.00240964
0.506667 0.453012 -0.00118677 0.000490232 0.352727 0.498795 -0.0254545 0.00722892
0.481212 0.460241 -0.00118677 0.000490232 0.341818 0.491566 -0.00848485 0.00240964
0.472727 0.462651 -0.00118677 0.000490232 0.334545 0.481928 -0.00848485 0.00240964
0.464242 0.46506 -0.00118677 0.000490232 0.334545 0.481928 -0.00848485 0.00240964
0.455758 0.46747 -0.00118677 0.000490232 0.334545 0.481928 -0.0254545 0.00722892
0.430303 0.474699 -0.00118677 0.000490232 0.338182 0.481928 -0.00848485 0.00240964
0.421818 0.477108 -0.00118677 0.000490232 0.341818 0.481928 -0.00848485 0.00240964
0.413333 0.479518 -0.00118677 0.000490232 0.345455 0.481928 -0.00848485 0.00240964
0.404848 0.481928 -0.00118677 0.000490232 0.350303 0.481928 -0.00969697 0.00481928
0.395152 0.486747 0.00119871 -0.000357447 0.370909 0.493976 0.00727273 -0.00481928
0.402424 0.481928 0.00116941 -0.000634018 0.375758 0.496386 0.00727273 -0.00481928
0.409697 0.477108 0.000962858 -0.00146374 0.389091 0.508434 0.00606061 -0.0120482
0.415758 0.46506 -0.000356468 -0.00230308 0.425455 0.527711 -0.0109091 -0.0506024
0.404848 0.414458 -0.000356468 -0.00230308 0.441212 0.537349 -0.00363636 -0.0168675
0.401212 0.39759 -0.000356468 -0.00230308 0.441212 0.537349 -0.00363636 -0.0168675
0.397576 0.380723 -0.000356468 -0.00230308 0.438788 0.539759 -0.00363636 -0.0168675
0.393939 0.363855 -0.000356468 -0.00230308 0.426667 0.546988 -0.0109091 -0.0506024
0.38303 0.313253 -0.000356468 -0.00230308 0.351515 0.542169 -0.00363636 -0.0168675
0.379394 0.296386 -0.000356468 -0.00230308 0.338182 0.53494 -0.00363636 -0.0168675
0.375758 0.279518 -0.000356468 -0.00230308 0.33697 0.53253 -0.00363636 -0.0168675
0.372121 0.262651 -0.000356468 -0.00230308 0.33697 0.53253 -0.0109091 -0.0506024
0.361212 0.212048 -0.000356468 -0.00230308 0.33697 0.53253 -0.00363636 -0.0168675
0.357576 0.195181 -0.000356468 -0.00230308 0.33697 0.53253 -0.00363636 -0.0168675
0.353939 0.178313 -0.000356468 -0.00230308 0.338182 0.527711 -0.00363636 -0.0168675
0.350303 0.161446 -0.000356468 -0.00230308 0.338182 0.525301 -0.0109091 -0.0506024
0.339394 0.110843 -0.000356468 -0.00230308 0.340606 0.503614 -0.00363636 0.00722892
0.335758 0.118072 -0.000356468 0.00230308 0.339394 0.493976 -0.00363636 0.0144578
0.332121 0.13253 -0.000356468 0.00230308 0.333333 0.472289 -0.00363636 0.0144578
0.328485 0.146988 -0.000356468 0.00230308 0.329697 0.462651 -0.0109091 0.0433735
0.317576 0.190361 -0.000356468 0.00230308 0.276364 0.412048 -0.00363636 0.0144578
0.313939 0.204819 -0.000356468 0.00230308 0.267879 0.404819 -0.00363636 0.0144578
0.310303 0.219277 -0.000356468 0.00230308 0.265455 0.40241 -0.00363636 0.0144578
0.306667 0.233735 -0.000356468 0.00230308 0.264242 0.4 -0.0109091 0.0433735
0.295758 0.277108 -0.000356468 0.00230308 0.259394 0.4 -0.00363636 0.0144578
0.292121 0.291566 -0.000356468 0.00230308 0.258182 0.4 -0.00363636 0.0144578
0.288485 0.306024 -0.000356468 0.00230308 0.25697 0.4 -0.00363636 0.0144578
0.284848 0.320482 -0.000356468 0.00230308 0.254545 0.4 -0.00121212 0.0168675
0.283636 0.337349 0.000928127 -0.00154986 0.243636 0.39759 0.00606061 -0.0120482
0.289697 0.325301 0.000928127 -0.00154986 0.231515 0.387952 0.00606061 -0.0120482
0.295758 0.313253 0.000928127 -0.00154986 0.231515 0.387952 0.00606061 -0.0120482
0.301818 0.301205 0.000928127 -0.00154986 0.231515 0.387952 0.0181818 -0.0361446
0.32 0.26506 0.000928127 -0.00154986 0.244848 0.390361 0.00606061 -0.0120482
0.326061 0.253012 0.000928127 -0.00154986 0.261818 0.4 0.00606061 -0.0120482
0.332121 0.240964 0.000928127 -0.00154986 0.267879 0.404819 0.00606061 -0.0120482
0.338182 0.228916 0.000928127 -0.00154986 0.272727 0.404819 0.0181818 -0.0361446
0.356364 0.192771 0.000928127 -0.00154986 0.277576 0.412048 0.00606061 -0.0120482
0.362424 0.180723 0.000928127 -0.00154986 0.277576 0.414458 0.00606061 -0.0120482
0.368485 0.168675 0.000928127 -0.00154986 0.277576 0.416867 0.00606061 -0.0120482
0.374545 0.156627 0.000928127 -0.00154986 0.277576 0.419277 0.0181818 -0.0361446
0.392727 0.120482 0.000928127 -0.00154986 0.272727 0.421687 0.00606061 -0.0120482
0.398788 0.108434 0.000928127 -0.00154986 0.270303 0.421687 0.00606061 0.00963855
0.404848 0.118072 0.000928127 0.00154986 0.269091 0.421687 0.00606061 0.00963855
0.410909 0.127711 0.000928127 0.00154986 0.269091 0.421687 0.0181818 0.0289157
0.429091 0.156627 0.000928127 0.00154986 0.269091 0.421687 0.00606061 0.00963855
0.435152 0.166265 0.000928127 0.00154986 0.269091 0.421687 0.00606061 0.00963855
0.441212 0.175904 0.000928127 0.00154986 0.270303 0.416867 0.00606061 0.00963855
0.447273 0.185542 0.000928127 0.00154986 0.271515 0.414458 0.0181818 0.0289157
0.465455 0.214458 0.000928127 0.00154986 0.287273 0.404819 0.00606061 0.00963855
0.471515 0.224096 0.000928127 0.00154986 0.292121 0.407229 0.00606061 0.00963855
0.477576 0.233735 0.000928127 0.00154986 0.309091 0.426506 0.00606061 0.00963855
0.483636 0.243373 0.000928127 0.00154986 0.33697 0.453012 0.0181818 0.0289157
0.501818 0.272289 0.000928127 0.00154986 0.372121 0.489157 0.00606061 0.00963855
0.507879 0.281928 0.000928127 0.00154986 0.372121 0.489157 0.00606061 0.00963855
0.513939 0.291566 0.000928127 0.00154986 0.372121 0.489157 0.00606061 0.00963855
0.52 0.301205 0.000928127 0.00154986 0.372121 0.489157 0.0181818 0.0289157
0.538182 0.33012 0.000928127 0.00154986 0.372121 0.489157 0.00606061 0.00963855
0.544242 0.339759 0.000928127 0.00154986 0.370909 0.493976 0.00606061 0.00963855
0.550303 0.349398 0.000928127 0.00154986 0.370909 0.493976 0.00606061 0.00963855
0.556364 0.359036 0.000928127 0.00154986 0.370909 0.496386 0.0181818 0.0289157
0.574545 0.387952 0.000928127 0.00154986 0.370909 0.506024 0.00606061 0.00963855
0.580606 0.39759 0.000928127 0.00154986 0.370909 0.508434 0.00606061 0.00963855
0.586667 0.407229 0.000928127 0.00154986 0.370909 0.508434 0.00606061 0.00963855
0.592727 0.416867 0.000928127 0.00154986 0.370909 0.510843 0.0181818 0.0289157
0.610909 0.445783 0.000928127 0.00154986 0.370909 0.513253 0.00606061 0.00963855
0.61697 0.455422 0.000928127 0.00154986 0.370909 0.515663 0.00606061 0.00963855
0.62303 0.46506 0.000928127 0.00154986 0.370909 0.518072 0.00606061 0.00963855
0.629091 0.474699 0.000928127 0.00154986 0.370909 0.518072 0.0181818 0.0289157
0.647273 0.503614 0.000928127 0.00154986 0.370909 0.520482 0.00606061 0.00963855
0.653333 0.513253 0.000928127 0.00154986 0.370909 0.522892 0.00606061 0.00963855
0.659394 0.522892 0.000928127 0.00154986 0.370909 0.522892 0.00606061 0.00963855
0.665455 0.53253 0.000928127 0.00154986 0.370909 0.525301 0.0181818 0.0289157
0.683636 0.561446 0.000928127 0.00154986 0.38303 0.546988 0.00606061 0.00963855
0.689697 0.571084 0.000928127 0.00154986 0.397576 0.566265 0.00606061 0.00963855
0.695758 0.580723 0.000928127 0.00154986 0.401212 0.568675 0.00606061 0.00963855
0.701818 0.590361 0.000928127 0.00154986 0.406061 0.571084 0.0181818 0.0289157
0.72 0.619277 0.000928127 0.00154986 0.424242 0.539759 0.00606061 0.00963855
0.726061 0.628916 0.000928127 0.00154986 0.427879 0.527711 0.00606061 0.00963855
0.732121 0.638554 0.000928127 0.00154986 0.430303 0.515663 0.00606061 0.00963855
0.738182 0.648193 0.000928127 0.00154986 0.431515 0.515663 0.0181818 0.0289157
0.756364 0.677108 0.000928127 0.00154986 0.432727 0.501205 0.00606061 0.00963855
0.762424 0.686747 0.000928127 0.00154986 0.432727 0.498795 0.00606061 0.00963855
0.768485 0.696386 0.000928127 0.00154986 0.431515 0.498795 0.00606061 0.00963855
0.774545 0.706024 0.000928127 0.00154986 0.431515 0.496386 0.0181818 0.0289157
0.792727 0.73494 0.000928127 0.00154986 0.431515 0.496386 0.00606061 0.00963855
0.798788 0.744578 0.000928127 0.00154986 0.431515 0.496386 0.00606061 0.00963855
0.804848 0.754217 0.000928127 0.00154986 0.431515 0.496386 0.00606061 0.00963855
0.810909 0.763855 0.000928127 0.00154986 0.431515 0.496386 0.0181818 0.0289157
0.829091 0.792771 0.000928127 0.00154986 0.431515 0.496386 0.00606061 0.00963855
0.835152 0.80241 0.000928127 0.00154986 0.431515 0.496386 0.00606061 0.00963855
0.841212 0.812048 0.000928127 0.00154986 0.431515 0.496386 0.00606061 0.00963855
0.847273 0.821687 0.000928127 0.00154986 0.431515 0.496386 0.0181818 0.0289157
0.865455 0.850602 0.000928127 0.00154986 0.431515 0.496386 0.00606061 0.00963855
0.871515 0.860241 0.000928127 0.00154986 0.431515 0.496386 0.00606061 0.00963855
0.877576 0.86988 0.000928127 0.00154986 0.431515 0.496386 0.00606061 0.00963855
0.883636 0.879518 0.000928127 0.00154986 0.431515 0.496386 0.0181818 0.0289157
0.901818 0.908434 0.000928127 0.00154986 0.431515 0.496386 0.00606061 0.00963855
0.907879 0.918072 0.000928127 0.00154986 0.431515 0.496386 0.00606061 0.00963855
0.913939 0.927711 0.000928127 0.00154986 0.431515 0.496386 0.00606061 0.00963855
0.92 0.937349 0.000928127 0.00154986 0.431515 0.496386 0.0181818 0.0289157
0.938182 0.966265 0.000928127 0.00154986 0.431515 0.496386 0.00606061 0.00963855
0.944242 0.975904 0.000928127 0.00154986 0.431515 0.496386 0.00606061 0.00963855
0.950303 0.985542 0.000928127 0.00154986 0.431515 0.496386 0.00606061 0.00963855
0.956364 0.995181 0.000928127 0.00154986 0.431515 0.496386 0.0181818 -0.00240964
0.974545 0.992771 0.000928127 -0.00154986 0.431515 0.496386 0.00606061 -0.0120482
0.980606 0.980723 0.000928127 -0.00154986 0.431515 0.496386 -0.221818 -0.474699
0.758788 0.506024 -0.000765526 0.00186826 0.431515 0.496386 -0.00606061 0.0120482
0.752727 0.518072 -0.000765526 0.00186826 0.431515 0.496386 -0.00606061 0.0120482
0.746667 0.53012 -0.000765526 0.00186826 0.431515 0.496386 -0.00606061 0.0120482
0.740606 0.542169 -0.000765526 0.00186826 0.431515 0.496386 -0.0181818 0.0361446
0.722424 0.578313 -0.000765526 0.00186826 0.431515 0.496386 -0.00606061 0.0120482
0.716364 0.590361 -0.000765526 0.00186826 0.431515 0.496386 -0.00606061 0.0120482
0.710303 0.60241 -0.000765526 0.00186826 0.431515 0.496386 -0.00606061 0.0120482
0.704242 0.614458 -0.000765526 0.00186826 0.431515 0.496386 -0.0181818 0.0361446
0.686061 0.650602 -0.000765526 0.00186826 0.431515 0.496386 -0.00606061 0.0120482
0.68 0.662651 -0.000765526 0.00186826 0.431515 0.496386 -0.00606061 0.0120482
0.673939 0.674699 -0.000765526 0.00186826 0.431515 0.496386 -0.00606061 0.0120482
0.667879 0.686747 -0.000765526 0.00186826 0.431515 0.496386 -0.0181818 0.0361446
0.649697 0.722892 -0.000765526 0.00186826 0.42303 0.520482 -0.00606061 0.0120482
0.643636 0.73494 -0.000765526 0.00186826 0.421818 0.525301 -0.00606061 0.0120482
0.637576 0.746988 -0.000765526 0.00186826 0.413333 0.537349 -0.00606061 0.0120482
0.631515 0.759036 -0.000765526 0.00186826 0.408485 0.549398 -0.0181818 0.0361446
0.613333 0.795181 -0.000765526 0.00186826 0.368485 0.686747 -0.00606061 0.0120482
0.607273 0.807229 -0.000765526 0.00186826 0.368485 0.696386 -0.00606061 0.0120482
0.601212 0.819277 -0.000765526 0.00186826 0.368485 0.708434 -0.00606061 0.0120482
0.595152 0.831325 -0.000765526 0.00186826 0.368485 0.73494 -0.0181818 0.0361446
0.57697 0.86747 -0.000765526 0.00186826 0.380606 0.787952 -0.00606061 0.0120482
0.570909 0.879518 -0.000765526 0.00186826 0.381818 0.787952 -0.00606061 0.0120482
0.564848 0.891566 -0.000765526 0.00186826 0.381818 0.787952 -0.00606061 0.0120482
0.558788 0.903614 -0.000765526 0.00186826 0.38303 0.787952 -0.0181818 0.0361446
0.540606 0.939759 -0.000765526 0.00186826 0.384242 0.790361 -0.00606061 0.0120482
0.534545 0.951807 -0.000765526 0.00186826 0.384242 0.792771 -0.00606061 0.0120482
0.528485 0.963855 -0.000765526 0.00186826 0.385455 0.792771 -0.00606061 0.0120482
0.522424 0.975904 -0.000765526 0.00186826 0.385455 0.792771 -0.0181818 0.0289157
0.504242 1.00482 -0.000765526 -0.00186826 0.385455 0.792771 -0.00606061 -0.0144578
0.498182 0.990361 -0.000765526 -0.00186826 0.385455 0.792771 -0.00606061 -0.0144578
0.492121 0.975904 -0.000765526 -0.00186826 0.385455 0.792771 -0.00606061 -0.0144578
0.486061 0.961446 -0.000765526 -0.00186826 0.385455 0.792771 -0.0181818 -0.0433735
0.467879 0.918072 -0.000765526 -0.00186826 0.386667 0.787952 -0.00606061 -0.0144578
0.461818 0.903614 -0.000765526 -0.00186826 0.386667 0.787952 -0.00606061 -0.0144578
0.455758 0.889157 -0.000765526 -0.00186826 0.387879 0.785542 -0.00606061 -0.0144578
0.449697 0.874699 -0.000765526 -0.00186826 0.387879 0.785542 -0.0181818 -0.0433735
0.431515 0.831325 -0.000765526 -0.00186826 0.387879 0.785542 -0.00606061 -0.0144578
0.425455 0.816867 0.00111781 0.000931872 0.387879 0.785542 0.00727273 0.00481928
0.432727 0.821687 0.00111781 0.000931872 0.387879 0.785542 0.00727273 0.00481928
0.44 0.826506 0.00111781 0.000931872 0.387879 0.785542 0.0218182 0.0144578
0.461818 0.840964 0.00111781 0.000931872 0.387879 0.785542 0.00727273 0.00481928
0.469091 0.845783 0.00111781 0.000931872 0.387879 0.785542 0.00727273 0.00481928
0.476364 0.850602 0.00111781 0.000931872 0.387879 0.785542 0.00727273 0.00481928
0.483636 0.855422 0.00111781 0.000931872 0.387879 0.785542 0.0218182 0.0144578
0.505455 0.86988 0.00111781 0.000931872 0.387879 0.785542 0.00727273 0.00481928
0.512727 0.874699 0.00111781 0.000931872 0.387879 0.785542 0.00727273 0.00481928
0.52 0.879518 0.00111781 0.000931872 0.387879 0.785542 0.00727273 0.00481928
0.527273 0.884337 0.00111781 0.000931872 0.387879 0.785542 0.0218182 0.0144578
0.549091 0.898795 0.00111781 0.000931872 0.387879 0.785542 0.00727273 0.00481928
0.556364 0.903614 0.00111781 0.000931872 0.387879 0.785542 0.00727273 0.00481928
0.563636 0.908434 0.00111781 0.000931872 0.387879 0.785542 0.00727273 0.00481928
0.570909 0.913253 0.00111781 0.000931872 0.387879 0.785542 0.0218182 0.0144578
0.592727 0.927711 0.00111781 0.000931872 0.444848 0.621687 0.00727273 0.00481928
0.6 0.93253 0.00111781 0.000931872 0.452121 0.592771 0.00727273 0.00481928
0.607273 0.937349 0.00111781 0.000931872 0.458182 0.573494 0.00727273 0.00481928
0.614545 0.942169 0.00111781 0.000931872 0.467879 0.551807 0.0218182 0.0144578
0.636364 0.956627 0.00111781 0.000931872 0.49697 0.489157 0.00727273 0.00481928
0.643636 0.961446 0.00111781 0.000931872 0.49697 0.474699 0.00727273 0.00481928
0.650909 0.966265 0.00111781 0.000931872 0.49697 0.433735 0.00727273 0.00481928
0.658182 0.971084 0.00111781 0.000931872 0.49697 0.39759 0.0218182 0.0144578
0.68 0.985542 0.00111781 0.000931872 0.49697 0.180723 0.00727273 0.00481928
0.687273 0.990361 0.00111781 0.000931872 0.49697 0.139759 0.00727273 0.00481928
0.694545 0.995181 0.00111781 0.000931872 0.49697 0.120482 0.00727273 0.00481928
0.701818 1 0.00111781 0.000931872 0.49697 0.120482 0.0218182 -0.00240964
0.723636 0.99759 0.00111781 -0.000931872 0.49697 0.120482 0.00727273 -0.00722892
0.730909 0.990361 0.00111781 -0.000931872 0.49697 0.120482 0.00727273 -0.00722892
0.738182 0.983133 0.00111781 -0.000931872 0.49697 0.120482 0.00727273 -0.00722892
0.745455 0.975904 0.00111781 -0.000931872 0.49697 0.120482 0.0218182 -0.0216867
0.767273 0.954217 0.00111781 -0.000931872 0.49697 0.120482 0.00727273 -0.00722892
0.774545 0.946988 0.00111781 -0.000931872 0.49697 0.120482 0.00727273 -0.00722892
0.781818 0.939759 0.00111781 -0.000931872 0.49697 0.120482 0.00727273 -0.00722892
0.789091 0.93253 0.00111781 -0.000931872 0.49697 0.120482 0.0218182 -0.0216867
0.810909 0.910843 0.00111781 -0.000931872 0.49697 0.120482 0.00727273 -0.00722892
0.818182 0.903614 0.00111781 -0.000931872 0.49697 0.120482 0.00727273 -0.00722892
0.825455 0.896386 0.00111781 -0.000931872 0.49697 0.120482 0.00727273 -0.00722892
0.832727 0.889157 0.00111781 -0.000931872 0.49697 0.120482 0.0218182 -0.0216867
0.854545 0.86747 0.00111781 -0.000931872 0.49697 0.120482 0.00727273 -0.00722892
0.861818 0.860241 0.00111781 -0.000931872 0.49697 0.120482 0.00727273 -0.00722892
0.869091 0.853012 0.00111781 -0.000931872 0.49697 0.120482 0.00727273 -0.00722892
0.876364 0.845783 0.00111781 -0.000931872 0.49697 0.120482 0.0218182 -0.0216867
0.898182 0.824096 0.00111781 -0.000931872 0.49697 0.120482 0.00727273 -0.00722892
0.905455 0.816867 0.00111781 -0.000931872 0.49697 0.120482 0.00727273 -0.00722892
0.912727 0.809639 0.00111781 -0.000931872 0.49697 0.120482 0.00727273 -0.00722892
0.92 0.80241 0.00111781 -0.000931872 0.49697 0.120482 0.0218182 -0.0216867
0.941818 0.780723 0.00111781 -0.000931872 0.49697 0.120482 0.00727273 -0.00722892
0.949091 0.773494 0.00111781 -0.000931872 0.49697 0.120482 0.00727273 -0.00722892
0.956364 0.766265 0.00111781 -0.000931872 0.49697 0.120482 0.00727273 -0.00722892
0.963636 0.759036 0.00111781 -0.000931872 0.49697 0.120482 0.0218182 -0.0216867
0.985455 0.737349 0.00111781 -0.000931872 0.49697 0.120482 0.00727273 -0.00722892
0.992727 0.73012 0.00111781 -0.000931872 0.49697 0.120482 0.00727273 -0.00722892
1 0.722892 0.00111781 -0.000931872 0.49697 0.120482 0.00242424 -0.00722892
1.00242 0.715663 -0.00111781 -0.000931872 0.49697 0.120482 0.735758 0.387952 -0.00118677 0.000490232 0.401212 0.554217 -0.00848485 0.00240964
0.727273 0.390361 -0.00118677 0.000490232 0.401212 0.554217 -0.00848485 0.00240964
0.718788 0.392771 -0.00118677 0.000490232 0.401212 0.554217 -0.00848485 0.00240964
0.710303 0.395181 -0.00118677 0.000490232 0.401212 0.554217 -0.0254545 0.00722892
0.684848 0.40241 -0.00118677 0.000490232 0.401212 0.554217 -0.00848485 0.00240964
0.676364 0.404819 -0.00118677 0.000490232 0.401212 0.554217 -0.00848485 0.00240964
0.667879 0.407229 -0.00118677 0.000490232 0.401212 0.554217 -0.00848485 0.00240964
0.659394 0.409639 -0.00118677 0.000490232 0.401212 0.554217 -0.0254545 0.00722892
0.633939 0.416867 -0.00118677 0.000490232 0.401212 0.554217 -0.00848485 0.00240964
0.625455 0.419277 -0.00118677 0.000490232 0.401212 0.554217 -0.00848485 0.00240964
0.61697 0.421687 -0.00118677 0.000490232 0.401212 0.554217 -0.00848485 0.00240964
0.608485 0.424096 -0.00118677 0.000490232 0.401212 0.554217 -0.0254545 0.00722892
0.58303 0.431325 -0.00118677 0.000490232 0.401212 0.554217 -0.00848485 0.00240964
0.574545 0.433735 -0.00118677 0.000490232 0.401212 0.554217 -0.00848485 0.00240964
0.566061 0.436145 -0.00118677 0.000490232 0.401212 0.554217 -0.00848485 0.00240964
0.557576 0.438554 -0.00118677 0.000490232 0.401212 0.554217 -0.0254545 0.00722892
0.532121 0.445783 -0.00118677 0.000490232 0.401212 0.554217 -0.00848485 0.00240964
0.523636 0.448193 -0.00118677 0.000490232 0.401212 0.554217 -0.00848485 0.00240964
0.515152 0.450602 -0.00118677 0.000490232 0.401212 0.554217 -0.00848485 0.00240964
0.506667 0.453012 -0.00118677 0.000490232 0.401212 0.554217 -0.0254545 0.00722892
0.481212 0.460241 -0.00118677 0.000490232 0.401212 0.554217 -0.00848485 0.00240964
0.472727 0.462651 -0.00118677 0.000490232 0.401212 0.554217 -0.00848485 0.00240964
0.464242 0.46506 -0.00118677 0.000490232 0.401212 0.554217 -0.00848485 0.00240964
0.455758 0.46747 -0.00118677 0.000490232 0.401212 0.554217 -0.0254545 0.00722892
0.430303 0.474699 -0.00118677 0.000490232 0.401212 0.554217 -0.00848485 0.00240964
0.421818 0.477108 0.000512588 -0.00218357 0.404848 0.549398 0.00242424 -0.0168675
0.424242 0.460241 0.000512588 -0.00218357 0.410909 0.544578 0.00242424 -0.0168675
0.426667 0.443373 0.000512588 -0.00218357 0.41697 0.53494 0.00727273 -0.0506024
0.433939 0.392771 0.000512588 -0.00218357 0.420606 0.53012 0.00242424 -0.0168675
0.436364 0.375904 0.000512588 -0.00218357 0.420606 0.53012 0.00242424 -0.0168675
0.438788 0.359036 0.000512588 -0.00218357 0.420606 0.520482 0.00242424 -0.0168675
0.441212 0.342169 0.000512588 -0.00218357 0.420606 0.520482 0.00727273 -0.0506024
0.448485 0.291566 0.000512588 -0.00218357 0.415758 0.510843 0.00242424 -0.0168675
0.450909 0.274699 0.000512588 -0.00218357 0.414545 0.508434 0.00242424 -0.0168675
0.453333 0.257831 0.000512588 -0.00218357 0.414545 0.508434 0.00242424 -0.0168675
0.455758 0.240964 0.000512588 -0.00218357 0.414545 0.508434 0.00727273 -0.0506024
0.46303 0.190361 0.000512588 -0.00218357 0.410909 0.503614 0.00242424 -0.0168675
0.465455 0.173494 0.000512588 -0.00218357 0.409697 0.503614 0.00242424 -0.0168675
0.467879 0.156627 0.000512588 -0.00218357 0.406061 0.503614 0.00242424 -0.0168675
0.470303 0.139759 0.000512588 -0.00218357 0.401212 0.503614 0.00727273 -0.00722892
0.477576 0.13253 0.000512588 0.00218357 0.38303 0.496386 0.00242424 0.0144578
0.48 0.146988 0.000512588 0.00218357 0.379394 0.496386 0.00242424 0.0144578
0.482424 0.161446 0.000512588 0.00218357 0.372121 0.493976 0.00242424 0.0144578
0.484848 0.175904 0.000512588 0.00218357 0.370909 0.493976 0.00727273 0.0433735
0.492121 0.219277 0.000512588 0.00218357 0.370909 0.493976 0.00242424 0.0144578
0.494545 0.233735 0.000512588 0.00218357 0.370909 0.493976 0.00242424 0.0144578
0.49697 0.248193 0.000512588 0.00218357 0.372121 0.493976 0.00242424 0.0144578
0.499394 0.262651 0.000512588 0.00218357 0.37697 0.498795 0.00727273 0.0433735
0.506667 0.306024 0.000512588 0.00218357 0.413333 0.546988 0.00242424 0.0144578
0.509091 0.320482 0.000512588 0.00218357 0.426667 0.568675 0.00242424 0.0144578
0.511515 0.33494 0.000512588 0.00218357 0.441212 0.590361 0.00242424 0.0144578
0.513939 0.349398 0.000512588 0.00218357 0.454545 0.604819 0.00727273 0.0433735
0.521212 0.392771 0.000512588 0.00218357 0.489697 0.631325 0.00242424 0.0144578
0.523636 0.407229 0.000512588 0.00218357 0.490909 0.631325 0.00242424 0.0144578
0.526061 0.421687 0.000512588 0.00218357 0.490909 0.631325 0.00242424 0.0144578
0.528485 0.436145 0.000512588 0.00218357 0.489697 0.631325 0.00727273 0.0433735
0.535758 0.479518 0.000512588 0.00218357 0.447273 0.619277 0.00242424 0.0144578
0.538182 0.493976 0.000512588 0.00218357 0.431515 0.619277 0.00242424 0.0144578
0.540606 0.508434 0.000512588 0.00218357 0.418182 0.619277 0.00242424 0.0144578
0.54303 0.522892 0.000512588 0.00218357 0.412121 0.619277 0.00727273 0.0433735
0.550303 0.566265 0.000512588 0.00218357 0.393939 0.619277 0.00242424 0.0144578
0.552727 0.580723 0.000512588 0.00218357 0.393939 0.619277 0.00242424 0.0144578
0.555152 0.595181 0.000512588 0.00218357 0.393939 0.619277 0.00242424 0.0144578
0.557576 0.609639 0.000512588 0.00218357 0.393939 0.619277 0.00727273 0.0433735
0.564848 0.653012 0.000512588 0.00218357 0.424242 0.636145 0.00242424 0.0144578
0.567273 0.66747 0.000512588 0.00218357 0.435152 0.643373 0.00242424 0.0144578
0.569697 0.681928 0.000512588 0.00218357 0.450909 0.650602 0.00242424 0.0144578
0.572121 0.696386 0.000512588 0.00218357 0.469091 0.66747 0.00727273 0.0433735
0.579394 0.739759 0.000512588 0.00218357 0.49697 0.701205 0.00242424 0.0144578
0.581818 0.754217 0.000512588 0.00218357 0.49697 0.701205 0.00242424 0.0144578
0.584242 0.768675 0.000512588 0.00218357 0.495758 0.703614 0.00242424 0.0144578
0.586667 0.783133 0.000512588 0.00218357 0.493333 0.706024 0.00727273 0.0433735
0.593939 0.826506 0.000512588 0.00218357 0.486061 0.73253 0.00242424 0.0144578
0.596364 0.840964 0.000512588 0.00218357 0.481212 0.737349 0.00242424 0.0144578
0.598788 0.855422 0.000512588 0.00218357 0.478788 0.739759 0.00242424 0.0144578
0.601212 0.86988 0.000512588 0.00218357 0.478788 0.739759 0.00727273 0.0433735
0.608485 0.913253 0.000512588 0.00218357 0.467879 0.754217 0.00242424 0.0144578
0.610909 0.927711 0.000512588 0.00218357 0.466667 0.754217 0.00242424 0.0144578
0.613333 0.942169 0.000512588 0.00218357 0.466667 0.754217 0.00242424 0.0144578
0.615758 0.956627 0.000512588 0.00218357 0.466667 0.754217 0.00727273 0.0433735
0.62303 1 0.000512588 0.00218357 0.466667 0.754217 0.00242424 0.00481928
0.625455 1.00482 0.000512588 -0.00218357 0.466667 0.754217 0.00242424 -0.0168675
0.627879 0.987952 0.000512588 -0.00218357 0.466667 0.754217 0.00242424 -0.0168675
0.630303 0.971084 0.000512588 -0.00218357 0.466667 0.754217 0.00727273 -0.0506024
0.637576 0.920482 0.000512588 -0.00218357 0.460606 0.751807 0.00242424 -0.0168675
0.64 0.903614 0.000512588 -0.00218357 0.45697 0.751807 0.00242424 -0.0168675
0.642424 0.886747 0.000512588 -0.00218357 0.450909 0.746988 0.00242424 -0.0168675
0.644848 0.86988 0.000512588 -0.00218357 0.449697 0.744578 0.00727273 -0.0506024
0.652121 0.819277 0.000512588 -0.00218357 0.443636 0.604819 0.00242424 -0.0168675
0.654545 0.80241 0.000512588 -0.00218357 0.443636 0.525301 0.00242424 -0.0168675
0.65697 0.785542 0.000512588 -0.00218357 0.443636 0.522892 0.00242424 -0.0168675
0.659394 0.768675 0.000512588 -0.00218357 0.443636 0.522892 0.00727273 -0.0506024
0.666667 0.718072 0.000512588 -0.00218357 0.443636 0.522892 0.00242424 -0.0168675
0.669091 0.701205 0.000512588 -0.00218357 0.443636 0.522892 0.00242424 -0.0168675
0.671515 0.684337 0.000512588 -0.00218357 0.443636 0.522892 0.00242424 -0.0168675
0.673939 0.66747 0.000512588 -0.00218357 0.443636 0.522892 0.00727273 -0.0506024
0.681212 0.616867 0.000512588 -0.00218357 0.443636 0.522892 0.00242424 -0.0168675
0.683636 0.6 0.000512588 -0.00218357 0.443636 0.522892 0.00242424 -0.0168675
0.686061 0.583133 0.000512588 -0.00218357 0.443636 0.53494 0.00242424 -0.0168675
0.688485 0.566265 0.000512588 -0.00218357 0.44 0.544578 0.00727273 -0.0506024
0.695758 0.515663 0.000512588 -0.00218357 0.425455 0.559036 0.00242424 -0.0168675
0.698182 0.498795 0.000512588 -0.00218357 0.41697 0.563855 0.00242424 -0.0168675
0.700606 0.481928 0.000512588 -0.00218357 0.393939 0.575904 0.00242424 -0.0168675
0.70303 0.46506 0.000512588 -0.00218357 0.386667 0.575904 0.00727273 -0.0506024
0.710303 0.414458 0.000512588 -0.00218357 0.322424 0.573494 0.00242424 -0.0168675
0.712727 0.39759 0.000512588 -0.00218357 0.309091 0.571084 0.00242424 -0.0168675
0.715152 0.380723 0.000512588 -0.00218357 0.275152 0.566265 0.00242424 -0.0168675
0.717576 0.363855 0.000512588 -0.00218357 0.261818 0.561446 0.00727273 -0.0506024
0.724848 0.313253 0.000512588 -0.00218357 0.249697 0.554217 0.00242424 -0.0168675
0.727273 0.296386 0.000512588 -0.00218357 0.249697 0.554217 0.00242424 -0.0168675
0.729697 0.279518 0.000512588 -0.00218357 0.249697 0.554217 0.00242424 -0.0168675
0.732121 0.262651 0.000512588 -0.00218357 0.249697 0.554217 0.00727273 -0.0506024
0.739394 0.212048 0.000512588 -0.00218357 0.249697 0.554217 0.00242424 -0.0168675
0.741818 0.195181 0.000512588 -0.00218357 0.249697 0.554217 0.00242424 -0.0168675
0.744242 0.178313 0.000512588 -0.00218357 0.249697 0.554217 0.00242424 -0.0168675
0.746667 0.161446 0.000512588 -0.00218357 0.249697 0.554217 0.00727273 -0.0506024
0.753939 0.110843 0.000512588 -0.00218357 0.272727 0.578313 0.00242424 0.00722892
0.756364 0.118072 0.000512588 0.00218357 0.272727 0.578313 0.00242424 0.0144578
0.758788 0.13253 0.000512588 0.00218357 0.272727 0.583133 0.00242424 0.0144578
0.761212 0.146988 0.000512588 0.00218357 0.272727 0.587952 0.00727273 0.0433735
0.768485 0.190361 0.000512588 0.00218357 0.273939 0.587952 0.00242424 0.0144578
0.770909 0.204819 0.000512588 0.00218357 0.273939 0.587952 0.00242424 0.0144578
0.773333 0.219277 0.000512588 0.00218357 0.273939 0.587952 0.00242424 0.0144578
0.775758 0.233735 0.000512588 0.00218357 0.273939 0.587952 0.00727273 0.0433735
0.78303 0.277108 0.000512588 0.00218357 0.272727 0.587952 0.00242424 0.0144578
0.785455 0.291566 0.000512588 0.00218357 0.272727 0.587952 0.00242424 0.0144578
0.787879 0.306024 0.000512588 0.00218357 0.271515 0.590361 0.00242424 0.0144578
0.790303 0.320482 0.000512588 0.00218357 0.269091 0.592771 0.00727273 0.0433735
0.797576 0.363855 0.000512588 0.00218357 0.264242 0.60241 0.00242424 0.0144578
0.8 0.378313 0.000512588 0.00218357 0.26303 0.607229 0.00242424 0.0144578
0.802424 0.392771 0.000512588 0.00218357 0.26303 0.609639 0.00242424 0.0144578
0.804848 0.407229 0.000512588 0.00218357 0.261818 0.614458 0.00727273 0.0433735
0.812121 0.450602 0.000512588 0.00218357 0.260606 0.626506 0.00242424 0.0144578
0.814545 0.46506 0.000512588 0.00218357 0.260606 0.628916 -0.0448485 -0.0457831
0.769697 0.419277 -0.000262946 -0.00235226 0.260606 0.638554 -0.00242424 -0.0168675
0.767273 0.40241 -0.000262946 -0.00235226 0.260606 0.638554 -0.00242424 -0.0168675
0.764848 0.385542 -0.000262946 -0.00235226 0.260606 0.640964 -0.00242424 -0.0168675
0.762424 0.368675 -0.000262946 -0.00235226 0.260606 0.640964 -0.00727273 -0.0506024
0.755152 0.318072 -0.000262946 -0.00235226 0.260606 0.640964 -0.00242424 -0.0168675
0.752727 0.301205 -0.000262946 -0.00235226 0.260606 0.640964 -0.00242424 -0.0168675
0.750303 0.284337 -0.000262946 -0.00235226 0.260606 0.640964 -0.00242424 -0.0168675
0.747879 0.26747 -0.000262946 -0.00235226 0.260606 0.640964 -0.00727273 -0.0506024
0.740606 0.216867 -0.000262946 -0.00235226 0.260606 0.640964 -0.00242424 -0.0168675
0.738182 0.2 -0.000262946 -0.00235226 0.260606 0.640964 -0.00242424 -0.0168675
0.735758 0.183133 -0.000262946 -0.00235226 0.260606 0.640964 -0.00242424 -0.0168675
0.733333 0.166265 -0.000262946 -0.00235226 0.260606 0.640964 -0.00727273 -0.0506024
0.726061 0.115663 -0.000262946 -0.00235226 0.260606 0.640964 -0.00242424 0.00240964
0.723636 0.118072 -0.000262946 0.00235226 0.260606 0.640964 -0.00242424 0.0144578
0.721212 0.13253 -0.000262946 0.00235226 0.260606 0.640964 -0.00242424 0.0144578
0.718788 0.146988 -0.000262946 0.00235226 0.260606 0.640964 -0.00727273 0.0433735
0.711515 0.190361 -0.000262946 0.00235226 0.260606 0.640964 -0.00242424 0.0144578
0.709091 0.204819 -0.000262946 0.00235226 0.260606 0.640964 -0.00242424 0.0144578
0.706667 0.219277 -0.000262946 0.00235226 0.258182 0.633735 -0.00242424 0.0144578
0.704242 0.233735 -0.000262946 0.00235226 0.25697 0.626506 -0.00727273 0.0433735
0.69697 0.277108 -0.000262946 0.00235226 0.250909 0.607229 -0.00242424 0.0144578
0.694545 0.291566 -0.000262946 0.00235226 0.250909 0.607229 -0.00242424 0.0144578
0.692121 0.306024 -0.000262946 0.00235226 0.250909 0.607229 -0.00242424 0.0144578
0.689697 0.320482 -0.000262946 0.00235226 0.253333 0.607229 -0.00727273 0.0433735
0.682424 0.363855 -0.000262946 0.00235226 0.273939 0.621687 -0.00242424 0.0144578
0.68 0.378313 -0.000262946 0.00235226 0.283636 0.626506 -0.00242424 0.0144578
0.677576 0.392771 -0.000262946 0.00235226 0.29697 0.638554 -0.00242424 0.0144578
0.675152 0.407229 -0.000262946 0.00235226 0.310303 0.648193 -0.00727273 0.0433735
0.667879 0.450602 -0.000262946 0.00235226 0.339394 0.660241 -0.00242424 0.0144578
0.665455 0.46506 -0.000262946 0.00235226 0.340606 0.660241 -0.00242424 0.0144578
0.66303 0.479518 -0.000262946 0.00235226 0.347879 0.662651 -0.00242424 0.0144578
0.660606 0.493976 -0.000262946 0.00235226 0.351515 0.66988 -0.00727273 0.0433735
0.653333 0.537349 -0.000262946 0.00235226 0.352727 0.66988 -0.00242424 0.0144578
0.650909 0.551807 -0.000262946 0.00235226 0.352727 0.672289 -0.00242424 0.0144578
0.648485 0.566265 -0.000262946 0.00235226 0.351515 0.674699 -0.00242424 0.0144578
0.646061 0.580723 -0.000262946 0.00235226 0.350303 0.674699 -0.00727273 0.0433735
0.638788 0.624096 -0.000262946 0.00235226 0.346667 0.679518 -0.00242424 0.0144578
0.636364 0.638554 -0.000262946 0.00235226 0.346667 0.679518 -0.00242424 0.0144578
0.633939 0.653012 -0.000262946 0.00235226 0.346667 0.679518 -0.00242424 0.0144578
0.631515 0.66747 -0.000262946 0.00235226 0.346667 0.679518 -0.00727273 0.0433735
0.624242 0.710843 -0.000262946 0.00235226 0.346667 0.684337 -0.00242424 0.0144578
0.621818 0.725301 -0.000262946 0.00235226 0.346667 0.686747 -0.00242424 0.0144578
0.619394 0.739759 -0.000262946 0.00235226 0.347879 0.696386 -0.00242424 0.0144578
0.61697 0.754217 -0.000262946 0.00235226 0.347879 0.696386 -0.00727273 0.0433735
0.609697 0.79759 -0.000262946 0.00235226 0.362424 0.722892 -0.00242424 0.0144578
0.607273 0.812048 -0.000262946 0.00235226 0.372121 0.73494 -0.00242424 0.0144578
0.604848 0.826506 -0.000262946 0.00235226 0.37697 0.744578 -0.00242424 0.0144578
0.602424 0.840964 -0.000262946 0.00235226 0.385455 0.756627 -0.00727273 0.0433735
0.595152 0.884337 -0.000262946 0.00235226 0.402424 0.775904 -0.00242424 0.0144578
0.592727 0.898795 -0.000262946 0.00235226 0.406061 0.778313 -0.00242424 0.0144578
0.590303 0.913253 -0.000262946 0.00235226 0.410909 0.783133 -0.00242424 0.0144578
0.587879 0.927711 -0.000262946 0.00235226 0.410909 0.783133 -0.00727273 0.0433735
0.580606 0.971084 -0.000262946 0.00235226 0.410909 0.783133 -0.00242424 0.0144578
0.578182 0.985542 -0.000262946 0.00235226 0.410909 0.783133 -0.00242424 0.0144578
0.575758 1 -0.000262946 0.00235226 0.407273 0.775904 -0.00242424 0.00481928
0.573333 1.00482 -0.000262946 -0.00235226 0.404848 0.771084 -0.00727273 -0.0506024
0.566061 0.954217 -0.000262946 -0.00235226 0.395152 0.650602 -0.00242424 -0.0168675
0.563636 0.937349 -0.000262946 -0.00235226 0.395152 0.650602 -0.00242424 -0.0168675
0.561212 0.920482 -0.000262946 -0.00235226 0.395152 0.650602 -0.00242424 -0.0168675
0.558788 0.903614 -0.000262946 -0.00235226 0.395152 0.650602 -0.00727273 -0.0506024
0.551515 0.853012 -0.000262946 -0.00235226 0.395152 0.650602 -0.00242424 -0.0168675
0.549091 0.836145 -0.000262946 -0.00235226 0.395152 0.650602 -0.00242424 -0.0168675
0.546667 0.819277 -0.000262946 -0.00235226 0.395152 0.650602 -0.00242424 -0.0168675
0.544242 0.80241 -0.000262946 -0.00235226 0.395152 0.650602 -0.00727273 -0.0506024
0.53697 0.751807 -0.000262946 -0.00235226 0.395152 0.650602 -0.00242424 -0.0168675
0.534545 0.73494 -0.000262946 -0.00235226 0.395152 0.650602 -0.00242424 -0.0168675
0.532121 0.718072 -0.000262946 -0.00235226 0.395152 0.650602 -0.00242424 -0.0168675
0.529697 0.701205 -0.000262946 -0.00235226 0.395152 0.650602 -0.00727273 -0.0506024
0.522424 0.650602 -0.000262946 -0.00235226 0.395152 0.650602 -0.00242424 -0.0168675
0.52 0.633735 -0.000262946 -0.00235226 0.395152 0.650602 -0.00242424 -0.0168675
0.517576 0.616867 -0.000262946 -0.00235226 0.390303 0.657831 -0.00242424 -0.0168675
0.515152 0.6 -0.000262946 -0.00235226 0.390303 0.657831 -0.00727273 -0.0506024
0.507879 0.549398 -0.000262946 -0.00235226 0.340606 0.633735 -0.00242424 -0.0168675
0.505455 0.53253 -0.000262946 -0.00235226 0.315152 0.614458 -0.00242424 -0.0168675
0.50303 0.515663 -0.000262946 -0.00235226 0.289697 0.587952 -0.00242424 -0.0168675
0.500606 0.498795 -0.000262946 -0.00235226 0.281212 0.578313 -0.00727273 -0.0506024
0.493333 0.448193 -0.000262946 -0.00235226 0.267879 0.549398 -0.00242424 -0.0168675
0.490909 0.431325 -0.000262946 -0.00235226 0.266667 0.544578 -0.00242424 -0.0168675
0.488485 0.414458 -0.000262946 -0.00235226 0.265455 0.539759 -0.00242424 -0.0168675
0.486061 0.39759 -0.000262946 -0.00235226 0.266667 0.537349 -0.00727273 -0.0506024
0.478788 0.346988 -0.000262946 -0.00235226 0.29697 0.518072 -0.00242424 -0.0168675
0.476364 0.33012 -0.000262946 -0.00235226 0.301818 0.513253 -0.00242424 -0.0168675
0.473939 0.313253 -0.000262946 -0.00235226 0.321212 0.498795 -0.00242424 -0.0168675
0.471515 0.296386 -0.000262946 -0.00235226 0.323636 0.493976 -0.00727273 -0.0506024
0.464242 0.245783 -0.000262946 -0.00235226 0.326061 0.46506 -0.00242424 -0.0168675
0.461818 0.228916 -0.000262946 -0.00235226 0.324848 0.450602 -0.00242424 -0.0168675
0.459394 0.212048 -0.000262946 -0.00235226 0.323636 0.428916 -0.00242424 -0.0168675
0.45697 0.195181 -0.000262946 -0.00235226 0.322424 0.421687 -0.00727273 -0.0506024
0.449697 0.144578 -0.000262946 -0.00235226 0.305455 0.361446 -0.00242424 -0.0168675
0.447273 0.127711 -0.000262946 -0.00235226 0.300606 0.356627 -0.00242424 -0.0168675
0.444848 0.110843 -0.000262946 -0.00235226 0.284848 0.339759 -0.00242424 0.00722892
0.442424 0.118072 -0.000262946 0.00235226 0.281212 0.33494 -0.00727273 0.0433735
0.435152 0.161446 -0.000262946 0.00235226 0.247273 0.313253 -0.00242424 0.0144578
0.432727 0.175904 -0.000262946 0.00235226 0.238788 0.306024 -0.00242424 0.0144578
0.430303 0.190361 -0.000262946 0.00235226 0.233939 0.298795 -0.00242424 0.0144578
0.427879 0.204819 -0.000262946 0.00235226 0.232727 0.296386 -0.00727273 0.0433735
0.420606 0.248193 -0.000262946 0.00235226 0.238788 0.291566 -0.00242424 0.0144578
0.418182 0.262651 -0.000262946 0.00235226 0.24 0.291566 -0.00242424 0.0144578
0.415758 0.277108 -0.000262946 0.00235226 0.243636 0.286747 -0.00242424 0.0144578
0.413333 0.291566 -0.000262946 0.00235226 0.243636 0.286747 -0.00727273 0.0433735
0.406061 0.33494 -0.000262946 0.00235226 0.250909 0.286747 -0.00242424 0.0144578
0.403636 0.349398 -0.000262946 0.00235226 0.254545 0.286747 -0.00242424 0.0144578
0.401212 0.363855 -0.000262946 0.00235226 0.270303 0.298795 -0.00242424 0.0144578
0.398788 0.378313 -0.000262946 0.00235226 0.278788 0.301205 -0.00727273 0.0433735
0.391515 0.421687 -0.000262946 0.00235226 0.363636 0.337349 -0.00242424 0.0144578
0.389091 0.436145 -0.000262946 0.00235226 0.401212 0.349398 -0.00242424 0.0144578
0.386667 0.450602 -0.000262946 0.00235226 0.436364 0.363855 -0.00242424 0.0144578
0.384242 0.46506 -0.000262946 0.00235226 0.461818 0.371084 -0.00727273 0.0433735
0.37697 0.508434 -0.000262946 0.00235226 0.49697 0.414458 -0.00242424 0.0144578
0.374545 0.522892 -0.000262946 0.00235226 0.49697 0.424096 -0.00242424 0.0144578
0.372121 0.537349 -0.000262946 0.00235226 0.49697 0.431325 -0.00242424 0.0144578
0.369697 0.551807 -0.000262946 0.00235226 0.49697 0.440964 -0.00727273 0.0433735
0.362424 0.595181 -0.000262946 0.00235226 0.49697 0.445783 -0.00242424 0.0144578
0.36 0.609639 -0.000262946 0.00235226 0.49697 0.445783 -0.00242424 0.0144578
0.357576 0.624096 -0.000262946 0.00235226 0.492121 0.445783 -0.00242424 0.0144578
0.355152 0.638554 -0.000262946 0.00235226 0.487273 0.443373 -0.00727273 0.0433735
0.347879 0.681928 -0.000262946 0.00235226 0.441212 0.428916 -0.00242424 0.0144578
0.345455 0.696386 -0.000262946 0.00235226 0.391515 0.414458 -0.00242424 0.0144578
0.34303 0.710843 -0.000262946 0.00235226 0.341818 0.407229 -0.00242424 0.0144578
0.340606 0.725301 -0.000262946 0.00235226 0.321212 0.4 -0.00727273 0.0433735
0.333333 0.768675 -0.000262946 0.00235226 0.206061 0.450602 -0.00242424 0.0144578
0.330909 0.783133 -0.000262946 0.00235226 0.196364 0.46506 -0.00242424 0.0144578
0.328485 0.79759 -0.000262946 0.00235226 0.185455 0.518072 -0.00242424 0.0144578
0.326061 0.812048 -0.000262946 0.00235226 0.18303 0.544578 -0.00727273 0.0433735
0.318788 0.855422 -0.000262946 0.00235226 0.193939 0.657831 -0.00242424 0.0144578
0.316364 0.86988 -0.000262946 0.00235226 0.198788 0.66506 -0.00242424 0.0144578
0.313939 0.884337 -0.000262946 0.00235226 0.204848 0.66988 -0.00242424 0.0144578
0.311515 0.898795 -0.000262946 0.00235226 0.204848 0.66988 -0.00727273 0.0433735
0.304242 0.942169 -0.000262946 0.00235226 0.208485 0.672289 -0.00242424 0.0144578
0.301818 0.956627 -0.000262946 0.00235226 0.208485 0.672289 -0.00242424 0.0144578
0.299394 0.971084 -0.000262946 0.00235226 0.208485 0.672289 -0.00242424 0.0144578
0.29697 0.985542 -0.000262946 0.00235226 0.207273 0.672289 -0.00727273 0.00240964
0.289697 0.987952 -0.000262946 -0.00235226 0.201212 0.696386 -0.00242424 -0.0168675
0.287273 0.971084 -0.000262946 -0.00235226 0.193939 0.720482 0.363636 -0.566265
0.650909 0.404819 -0.000790351 0.00182695 0.190303 0.768675 -0.00606061 0.0120482
0.644848 0.416867 -0.000790351 0.00182695 0.190303 0.768675 -0.00606061 0.0120482
0.638788 0.428916 -0.000790351 0.00182695 0.190303 0.775904 -0.00606061 0.0120482
0.632727 0.440964 -0.000790351 0.00182695 0.190303 0.778313 -0.0181818 0.0361446
0.614545 0.477108 -0.000790351 0.00182695 0.198788 0.792771 -0.00606061 0.0120482
0.608485 0.489157 -0.000790351 0.00182695 0.207273 0.792771 -0.00606061 0.0120482
0.602424 0.501205 -0.000790351 0.00182695 0.210909 0.790361 -0.00606061 0.0120482
0.596364 0.513253 -0.000790351 0.00182695 0.229091 0.780723 -0.0181818 0.0361446
0.578182 0.549398 -0.000790351 0.00182695 0.284848 0.727711 -0.00606061 0.0120482
0.572121 0.561446 -0.000790351 0.00182695 0.294545 0.715663 -0.00606061 0.0120482
0.566061 0.573494 -0.000790351 0.00182695 0.310303 0.689157 -0.00606061 0.0120482
0.56 0.585542 -0.000790351 0.00182695 0.313939 0.681928 -0.0181818 0.0361446
0.541818 0.621687 -0.000790351 0.00182695 0.317576 0.674699 -0.00606061 0.0120482
0.535758 0.633735 -0.000790351 0.00182695 0.317576 0.674699 -0.00606061 0.0120482
0.529697 0.645783 -0.000790351 0.00182695 0.313939 0.672289 -0.00606061 0.0120482
0.523636 0.657831 -0.000790351 0.00182695 0.312727 0.672289 -0.0181818 0.0361446
0.505455 0.693976 -0.000790351 0.00182695 0.307879 0.66988 -0.00606061 0.0120482
0.499394 0.706024 -0.000790351 0.00182695 0.30303 0.66988 -0.00606061 0.0120482
0.493333 0.718072 -0.000790351 0.00182695 0.300606 0.672289 -0.00606061 0.0120482
0.487273 0.73012 -0.000790351 0.00182695 0.298182 0.674699 -0.0181818 0.0361446
0.469091 0.766265 -0.000790351 0.00182695 0.294545 0.696386 -0.00606061 0.0120482
0.46303 0.778313 -0.000790351 0.00182695 0.294545 0.698795 -0.00606061 0.0120482
0.45697 0.790361 -0.000790351 0.00182695 0.292121 0.710843 -0.00606061 0.0120482
0.450909 0.80241 -0.000790351 0.00182695 0.290909 0.720482 -0.0181818 0.0361446
0.432727 0.838554 -0.000790351 0.00182695 0.281212 0.737349 -0.00606061 0.0120482
0.426667 0.850602 -0.000790351 0.00182695 0.276364 0.737349 -0.00606061 0.0120482
0.420606 0.862651 -0.000790351 0.00182695 0.273939 0.737349 -0.00606061 0.0120482
0.414545 0.874699 -0.000790351 0.00182695 0.269091 0.737349 -0.0181818 0.0361446
0.396364 0.910843 -0.000790351 0.00182695 0.265455 0.73253 -0.00606061 0.0120482
0.390303 0.922892 -0.000790351 0.00182695 0.265455 0.73253 -0.00606061 0.0120482
0.384242 0.93494 -0.000790351 0.00182695 0.26303 0.727711 -0.00606061 0.0120482
0.378182 0.946988 -0.000790351 0.00182695 0.260606 0.725301 -0.0181818 0.0361446
0.36 0.983133 -0.000790351 0.00182695 0.252121 0.715663 -0.00606061 0.0120482
0.353939 0.995181 -0.000790351 0.00182695 0.250909 0.713253 -0.00606061 0.00963855
0.347879 1.00482 -0.000790351 -0.00182695 0.248485 0.710843 -0.00606061 -0.0144578
0.341818 0.990361 -0.000790351 -0.00182695 0.248485 0.710843 -0.0181818 -0.0433735
0.323636 0.946988 -0.000790351 -0.00182695 0.238788 0.703614 -0.00606061 -0.0144578
0.317576 0.93253 -0.000790351 -0.00182695 0.225455 0.698795 -0.00606061 -0.0144578
0.311515 0.918072 -0.000790351 -0.00182695 0.21697 0.693976 -0.00606061 -0.0144578
0.305455 0.903614 -0.000790351 -0.00182695 0.212121 0.689157 -0.0181818 -0.0433735
0.287273 0.860241 -0.000790351 -0.00182695 0.201212 0.674699 -0.00606061 -0.0144578
0.281212 0.845783 -0.000790351 -0.00182695 0.201212 0.674699 -0.00606061 -0.0144578
0.275152 0.831325 -0.000790351 -0.00182695 0.197576 0.66988 -0.00606061 -0.0144578
0.269091 0.816867 -0.000790351 -0.00182695 0.197576 0.66747 -0.0181818 -0.0433735
0.250909 0.773494 -0.000790351 -0.00182695 0.191515 0.662651 -0.00606061 -0.0144578
0.244848 0.759036 -0.000790351 -0.00182695 0.185455 0.655422 -0.00606061 -0.0144578
0.238788 0.744578 -0.000790351 -0.00182695 0.17697 0.648193 -0.00606061 -0.0144578
0.232727 0.73012 -0.000790351 -0.00182695 0.172121 0.643373 -0.0181818 -0.0433735
0.214545 0.686747 -0.000790351 -0.00182695 0.13697 0.616867 -0.00606061 -0.0144578
0.208485 0.672289 -0.000790351 -0.00182695 0.132121 0.616867 -0.00606061 -0.0144578
0.202424 0.657831 -0.000790351 -0.00182695 0.118788 0.609639 -0.00606061 -0.0144578
0.196364 0.643373 -0.000790351 -0.00182695 0.116364 0.609639 -0.0181818 -0.0433735
0.178182 0.6 -0.000790351 -0.00182695 0.107879 0.60241 -0.00606061 -0.0144578
0.172121 0.585542 -0.000790351 -0.00182695 0.107879 0.60241 -0.00606061 -0.0144578
0.166061 0.571084 -0.000790351 -0.00182695 0.107879 0.60241 -0.00606061 -0.0144578
0.16 0.556627 -0.000790351 -0.00182695 0.113939 0.60241 -0.0109091 -0.0457831
0.149091 0.510843 0.000237717 -0.00236285 0.181818 0.587952 0.00121212 -0.0168675
0.150303 0.493976 0.000237717 -0.00236285 0.197576 0.580723 0.00121212 -0.0168675
0.151515 0.477108 0.000237717 -0.00236285 0.237576 0.568675 0.00121212 -0.0168675
0.152727 0.460241 0.000237717 -0.00236285 0.267879 0.561446 0.00363636 -0.0506024
0.156364 0.409639 0.000237717 -0.00236285 0.305455 0.554217 0.00121212 -0.0168675
0.157576 0.392771 0.000237717 -0.00236285 0.305455 0.554217 0.00121212 -0.0168675
0.158788 0.375904 0.000237717 -0.00236285 0.305455 0.554217 0.00121212 -0.0168675
0.16 0.359036 0.000237717 -0.00236285 0.305455 0.554217 0.00363636 -0.0506024
0.163636 0.308434 0.000237717 -0.00236285 0.310303 0.559036 0.00121212 -0.0168675
0.164848 0.291566 0.000237717 -0.00236285 0.310303 0.559036 0.00121212 -0.0168675
0.166061 0.274699 0.000237717 -0.00236285 0.310303 0.559036 0.00121212 -0.0168675
0.167273 0.257831 0.000237717 -0.00236285 0.310303 0.563855 0.00363636 -0.0506024
0.170909 0.207229 0.000237717 -0.00236285 0.283636 0.587952 0.00121212 -0.0168675
0.172121 0.190361 0.000237717 -0.00236285 0.275152 0.592771 0.00121212 -0.0168675
0.173333 0.173494 0.000237717 -0.00236285 0.249697 0.59759 0.00121212 -0.0168675
0.174545 0.156627 0.000237717 -0.00236285 0.243636 0.59759 0.00363636 -0.0385542
0.178182 0.118072 0.000237717 0.00236285 0.220606 0.590361 0.00121212 0.0144578
0.179394 0.13253 0.000237717 0.00236285 0.219394 0.583133 0.00121212 0.0144578
0.180606 0.146988 0.000237717 0.00236285 0.219394 0.578313 0.00121212 0.0144578
0.181818 0.161446 0.000237717 0.00236285 0.219394 0.575904 0.00363636 0.0433735
0.185455 0.204819 0.000237717 0.00236285 0.218182 0.566265 0.00121212 0.0144578
0.186667 0.219277 0.000237717 0.00236285 0.21697 0.566265 0.00121212 0.0144578
0.187879 0.233735 0.000237717 0.00236285 0.215758 0.563855 0.00121212 0.0144578
0.189091 0.248193 0.000237717 0.00236285 0.215758 0.563855 0.00363636 0.0433735
0.192727 0.291566 0.000237717 0.00236285 0.209697 0.551807 0.00121212 0.0144578
0.193939 0.306024 0.000237717 0.00236285 0.208485 0.551807 0.00121212 0.0144578
0.195152 0.320482 0.000237717 0.00236285 0.207273 0.551807 0.00121212 0.0144578
0.196364 0.33494 0.000237717 0.00236285 0.206061 0.551807 0.00363636 0.0433735
0.2 0.378313 0.000237717 0.00236285 0.184242 0.546988 0.00121212 0.0144578
0.201212 0.392771 0.000237717 0.00236285 0.170909 0.544578 0.00121212 0.0144578
0.202424 0.407229 0.000237717 0.00236285 0.163636 0.544578 0.00121212 0.0144578
0.203636 0.421687 0.000237717 0.00236285 0.153939 0.539759 0.00363636 0.0433735
0.207273 0.46506 0.000237717 0.00236285 0.121212 0.527711 0.00121212 0.0144578
0.208485 0.479518 0.000237717 0.00236285 0.112727 0.522892 0.00121212 0.0144578
0.209697 0.493976 0.000237717 0.00236285 0.0933333 0.518072 0.00121212 0.0144578
0.210909 0.508434 0.000237717 0.00236285 0.0836364 0.518072 0.00363636 0.0433735
0.214545 0.551807 0.000237717 0.00236285 0.152727 0.587952 0.00121212 0.0144578
0.215758 0.566265 6.72364e-005 -0.00240593 0.214545 0.609639 0 -0.0168675
0.215758 0.549398 6.72364e-005 -0.00240593 0.261818 0.628916 0 -0.0168675
0.215758 0.53253 6.72364e-005 -0.00240593 0.294545 0.626506 0 -0.0506024
0.215758 0.481928 6.72364e-005 -0.00240593 0.338182 0.631325 0 -0.0168675
0.215758 0.46506 6.72364e-005 -0.00240593 0.345455 0.638554 0 -0.0168675
0.215758 0.448193 6.72364e-005 -0.00240593 0.368485 0.655422 0 -0.0168675
0.215758 0.431325 6.72364e-005 -0.00240593 0.37697 0.660241 0 -0.0506024
0.215758 0.380723 6.72364e-005 -0.00240593 0.385455 0.66506 0 -0.0168675
0.215758 0.363855 6.72364e-005 -0.00240593 0.385455 0.66506 0 -0.0168675
0.215758 0.346988 6.72364e-005 -0.00240593 0.38303 0.66747 0 -0.0168675
0.215758 0.33012 6.72364e-005 -0.00240593 0.381818 0.672289 0 -0.0506024
0.215758 0.279518 6.72364e-005 -0.00240593 0.364848 0.720482 0 -0.0168675
0.215758 0.262651 6.72364e-005 -0.00240593 0.351515 0.751807 0 -0.0168675
0.215758 0.245783 6.72364e-005 -0.00240593 0.345455 0.761446 0 -0.0168675
0.215758 0.228916 6.72364e-005 -0.00240593 0.332121 0.766265 0 -0.0506024
0.215758 0.178313 6.72364e-005 -0.00240593 0.292121 0.73494 0 -0.0168675
0.215758 0.161446 6.72364e-005 -0.00240593 0.287273 0.725301 0 -0.0168675
0.215758 0.144578 6.72364e-005 -0.00240593 0.278788 0.703614 0 -0.0168675
0.215758 0.127711 6.72364e-005 -0.00240593 0.270303 0.66988 0 0.00481928
0.215758 0.13253 6.72364e-005 0.00240593 0.264242 0.607229 0 0.0144578
0.215758 0.146988 6.72364e-005 0.00240593 0.26303 0.587952 0 0.0144578
0.215758 0.161446 6.72364e-005 0.00240593 0.25697 0.551807 0 0.0144578
0.215758 0.175904 6.72364e-005 0.00240593 0.252121 0.53012 0 0.0433735
0.215758 0.219277 6.72364e-005 0.00240593 0.232727 0.491566 0 0.0144578
0.215758 0.233735 6.72364e-005 0.00240593 0.225455 0.484337 0 0.0144578
0.215758 0.248193 6.72364e-005 0.00240593 0.221818 0.481928 0 0.0144578
0.215758 0.262651 6.72364e-005 0.00240593 0.220606 0.481928 0 0.0433735
0.215758 0.306024 6.72364e-005 0.00240593 0.190303 0.484337 0 0.0144578
0.215758 0.320482 6.72364e-005 0.00240593 0.181818 0.484337 0 0.0144578
0.215758 0.33494 6.72364e-005 0.00240593 0.153939 0.484337 0 0.0144578
0.215758 0.349398 6.72364e-005 0.00240593 0.150303 0.484337 0 0.0433735
0.215758 0.392771 6.72364e-005 0.00240593 0.133333 0.491566 0 0.0144578
0.215758 0.407229 6.72364e-005 0.00240593 0.129697 0.491566 0 0.0144578
0.215758 0.421687 6.72364e-005 0.00240593 0.121212 0.491566 0 0.0144578
0.215758 0.436145 6.72364e-005 0.00240593 0.118788 0.491566 0 0.0433735
0.215758 0.479518 6.72364e-005 0.00240593 0.116364 0.491566 0 0.0144578
0.215758 0.493976 6.72364e-005 0.00240593 0.122424 0.493976 0 0.0144578
0.215758 0.508434 6.72364e-005 0.00240593 0.139394 0.501205 0 0.0144578
0.215758 0.522892 6.72364e-005 0.00240593 0.150303 0.503614 0.0133333 0.0313253
0.229091 0.554217 0.00010974 0.00239974 0.226667 0.501205 0 0.0144578
0.229091 0.568675 -0.000315119 0.00232678 0.237576 0.506024 0.443636 0.303614
0.672727 0.872289 -0.00110469 -0.000991775 0.368485 0.616867 -0.00848485 -0.00722892
0.664242 0.86506 -0.00110469 -0.000991775 0.385455 0.628916 -0.00848485 -0.00722892
0.655758 0.857831 -0.00110469 -0.000991775 0.410909 0.643373 -0.00848485 -0.00722892
0.647273 0.850602 -0.00110469 -0.000991775 0.412121 0.643373 -0.0254545 -0.0216867
0.621818 0.828916 -0.00110469 -0.000991775 0.412121 0.643373 -0.00848485 -0.00722892
0.613333 0.821687 -0.00110469 -0.000991775 0.410909 0.643373 -0.00848485 -0.00722892
0.604848 0.814458 -0.00110469 -0.000991775 0.408485 0.643373 -0.00848485 -0.00722892
0.596364 0.807229 -0.00110469 -0.000991775 0.392727 0.645783 -0.0254545 -0.0216867
0.570909 0.785542 -0.00110469 -0.000991775 0.310303 0.66506 -0.00848485 -0.00722892
0.562424 0.778313 -0.00110469 -0.000991775 0.261818 0.66747 -0.00848485 -0.00722892
0.553939 0.771084 -0.00110469 -0.000991775 0.215758 0.66988 -0.00848485 -0.00722892
0.545455 0.763855 -0.00110469 -0.000991775 0.206061 0.66747 -0.0254545 -0.0216867
0.52 0.742169 -0.00110469 -0.000991775 0.193939 0.66747 -0.00848485 -0.00722892
0.511515 0.73494 -0.00110469 -0.000991775 0.193939 0.66747 -0.00848485 -0.00722892
0.50303 0.727711 -0.00110469 -0.000991775 0.193939 0.66747 -0.00848485 -0.00722892
0.494545 0.720482 -0.00110469 -0.000991775 0.195152 0.66747 -0.0254545 -0.0216867
0.469091 0.698795 -0.00110469 -0.000991775 0.198788 0.66747 -0.00848485 -0.00722892
0.460606 0.691566 -0.00110469 -0.000991775 0.198788 0.66747 -0.00848485 -0.00722892
0.452121 0.684337 -0.00110469 -0.000991775 0.198788 0.662651 -0.00848485 -0.00722892
0.443636 0.677108 -0.00110469 -0.000991775 0.197576 0.650602 -0.0254545 -0.0216867
0.418182 0.655422 -0.00110469 -0.000991775 0.173333 0.6 -0.00848485 -0.00722892
0.409697 0.648193 -0.00110469 -0.000991775 0.164848 0.592771 -0.00848485 -0.00722892
0.401212 0.640964 -0.00110469 -0.000991775 0.146667 0.573494 -0.00848485 -0.00722892
0.392727 0.633735 -0.00110469 -0.000991775 0.13697 0.563855 -0.0254545 -0.0216867
0.367273 0.612048 -0.00110469 -0.000991775 0.112727 0.544578 -0.00848485 -0.00722892
0.358788 0.604819 -0.00110469 -0.000991775 0.112727 0.542169 -0.00848485 -0.00722892
0.350303 0.59759 -0.00110469 -0.000991775 0.112727 0.542169 -0.00848485 -0.00722892
0.341818 0.590361 -0.00110469 -0.000991775 0.112727 0.542169 -0.0254545 -0.0216867
0.316364 0.568675 -0.00110469 -0.000991775 0.112727 0.542169 -0.00848485 -0.00722892
0.307879 0.561446 -0.00110469 -0.000991775 0.112727 0.542169 -0.00848485 -0.00722892
0.299394 0.554217 -0.00110469 -0.000991775 0.112727 0.539759 -0.00848485 -0.00722892
0.290909 0.546988 -0.00110469 -0.000991775 0.112727 0.539759 -0.0254545 -0.0216867
0.265455 0.525301 -0.00110469 -0.000991775 0.112727 0.537349 -0.00848485 -0.00722892
0.25697 0.518072 -0.00110469 -0.000991775 0.113939 0.53494 -0.00848485 -0.00722892
0.248485 0.510843 -0.00110469 -0.000991775 0.117576 0.53012 -0.00848485 -0.00722892
0.24 0.503614 -0.00110469 -0.000991775 0.122424 0.525301 -0.0254545 -0.0216867
0.214545 0.481928 0.00117593 -0.000584423 0.209697 0.484337 0.00727273 -0.00481928
0.221818 0.477108 -0.00119994 -0.000340774 0.230303 0.479518 -0.00848485 -0.00240964
0.213333 0.474699 -0.00119994 -0.000340774 0.258182 0.479518 -0.00848485 -0.00240964
0.204848 0.472289 -0.00119994 -0.000340774 0.284848 0.479518 -0.0254545 -0.00722892
0.179394 0.46506 -0.00119994 -0.000340774 0.311515 0.474699 -0.00848485 -0.00240964
0.170909 0.462651 -0.00119994 -0.000340774 0.311515 0.474699 -0.00848485 -0.00240964
0.162424 0.460241 -0.00119994 -0.000340774 0.311515 0.474699 -0.00848485 -0.00240964
0.153939 0.457831 -0.00119994 -0.000340774 0.311515 0.474699 -0.0254545 -0.00722892
0.128485 0.450602 -0.00119994 -0.000340774 0.306667 0.493976 -0.00848485 -0.00240964
0.12 0.448193 -0.00119994 -0.000340774 0.300606 0.510843 -0.00848485 -0.00240964
0.111515 0.445783 -0.00119994 -0.000340774 0.299394 0.520482 -0.00848485 -0.00240964
0.10303 0.443373 -0.00119994 -0.000340774 0.295758 0.539759 -0.0254545 -0.00722892
0.0775758 0.436145 -0.00119994 -0.000340774 0.281212 0.636145 -0.00848485 -0.00240964
0.0690909 0.433735 -0.00119994 -0.000340774 0.277576 0.643373 -0.00848485 -0.00240964
0.0606061 0.431325 -0.00119994 -0.000340774 0.271515 0.650602 -0.00848485 -0.00240964
0.0521212 0.428916 -0.00119994 -0.000340774 0.264242 0.650602 0.0109091 -0.00722892
0.0630303 0.421687 0.00119994 -0.000340774 0.235152 0.636145 0.00727273 -0.00240964
0.070303 0.419277 0.00119994 -0.000340774 0.215758 0.621687 0.00727273 -0.00240964
0.0775758 0.416867 0.00119994 -0.000340774 0.208485 0.614458 0.00727273 -0.00240964
0.0848485 0.414458 0.00119994 -0.000340774 0.196364 0.609639 0.0218182 -0.00722892
0.106667 0.407229 0.00119994 -0.000340774 0.179394 0.6 0.00727273 -0.00240964
0.113939 0.404819 0.00119994 -0.000340774 0.179394 0.6 0.00727273 -0.00240964
0.121212 0.40241 0.00119994 -0.000340774 0.179394 0.6 0.00727273 -0.00240964
0.128485 0.4 0.00119994 -0.000340774 0.179394 0.6 0.0218182 -0.00722892
0.150303 0.392771 0.00119994 -0.000340774 0.184242 0.59759 0.00727273 -0.00240964
0.157576 0.390361 0.00119994 -0.000340774 0.184242 0.6 0.00727273 -0.00240964
0.164848 0.387952 0.00119994 -0.000340774 0.185455 0.6 0.00727273 -0.00240964
0.172121 0.385542 0.00119994 -0.000340774 0.185455 0.6 0.0218182 -0.00722892
0.193939 0.378313 0.00119994 -0.000340774 0.185455 0.6 0.00727273 -0.00240964
0.201212 0.375904 0.00119994 -0.000340774 0.185455 0.6 0.00727273 -0.00240964
0.208485 0.373494 0.00119994 -0.000340774 0.184242 0.592771 0.00727273 -0.00240964
0.215758 0.371084 0.00119994 -0.000340774 0.18303 0.585542 0.0218182 -0.00722892
0.237576 0.363855 0.00119994 -0.000340774 0.174545 0.537349 0.00727273 -0.00240964
0.244848 0.361446 0.00119994 -0.000340774 0.174545 0.53253 0.00727273 -0.00240964
0.252121 0.359036 0.00119994 -0.000340774 0.178182 0.515663 0.00727273 -0.00240964
0.259394 0.356627 0.00119994 -0.000340774 0.180606 0.513253 0.0218182 -0.00722892
0.281212 0.349398 0.00119994 -0.000340774 0.184242 0.501205 0.00727273 -0.00240964
0.288485 0.346988 0.00119994 -0.000340774 0.184242 0.501205 0.00727273 -0.00240964
0.295758 0.344578 0.00119994 -0.000340774 0.184242 0.501205 0.00727273 -0.00240964
0.30303 0.342169 0.00119994 -0.000340774 0.184242 0.501205 0.0218182 -0.00722892
0.324848 0.33494 0.00119994 -0.000340774 0.187879 0.491566 0.00727273 -0.00240964
0.332121 0.33253 0.00119994 -0.000340774 0.189091 0.489157 0.00727273 -0.00240964
0.339394 0.33012 0.00119994 -0.000340774 0.197576 0.479518 0.00727273 -0.00240964
0.346667 0.327711 0.00119994 -0.000340774 0.213333 0.46747 0.0218182 -0.00722892
0.368485 0.320482 0.00119994 -0.000340774 0.267879 0.414458 0.00727273 -0.00240964
0.375758 0.318072 0.00119994 -0.000340774 0.278788 0.404819 0.00727273 -0.00240964
0.38303 0.315663 0.00119994 -0.000340774 0.313939 0.392771 0.00727273 -0.00240964
0.390303 0.313253 0.00119994 -0.000340774 0.335758 0.387952 0.0121212 -0.0361446
0.402424 0.277108 0.000450171 -0.00223729 0.429091 0.380723 0.00242424 -0.0168675
0.404848 0.260241 0.000450171 -0.00223729 0.449697 0.383133 0.00242424 -0.0168675
0.407273 0.243373 0.000450171 -0.00223729 0.455758 0.378313 0.00242424 -0.0168675
0.409697 0.226506 0.000450171 -0.00223729 0.455758 0.378313 0.00727273 -0.0506024
0.41697 0.175904 0.000450171 -0.00223729 0.455758 0.378313 0.00242424 -0.0168675
0.419394 0.159036 0.000450171 -0.00223729 0.455758 0.378313 0.00242424 -0.0168675
0.421818 0.142169 0.000450171 -0.00223729 0.455758 0.375904 0.00242424 -0.0168675
0.424242 0.125301 0.000450171 -0.00223729 0.454545 0.375904 0.00727273 0.00722892
0.431515 0.13253 0.000450171 0.00223729 0.438788 0.383133 0.00242424 0.0144578
0.433939 0.146988 0.000450171 0.00223729 0.431515 0.387952 0.00242424 0.0144578
0.436364 0.161446 0.000450171 0.00223729 0.420606 0.387952 0.00242424 0.0144578
0.438788 0.175904 0.000450171 0.00223729 0.413333 0.390361 0.00727273 0.0433735
0.446061 0.219277 0.000450171 0.00223729 0.393939 0.387952 0.00242424 0.0144578
0.448485 0.233735 0.000450171 0.00223729 0.392727 0.387952 0.00242424 0.0144578
0.450909 0.248193 0.000450171 0.00223729 0.392727 0.387952 0.00242424 0.0144578
0.453333 0.262651 0.000450171 0.00223729 0.392727 0.387952 0.00727273 0.0433735
0.460606 0.306024 0.000450171 0.00223729 0.392727 0.387952 0.00242424 0.0144578
0.46303 0.320482 0.000450171 0.00223729 0.392727 0.387952 0.00242424 0.0144578
0.465455 0.33494 0.000450171 0.00223729 0.392727 0.387952 0.00242424 0.0144578
0.467879 0.349398 0.000450171 0.00223729 0.392727 0.387952 0.00727273 0.0433735
0.475152 0.392771 0.000450171 0.00223729 0.390303 0.392771 0.00242424 0.0144578
0.477576 0.407229 0.000450171 0.00223729 0.389091 0.392771 0.00242424 0.0144578
0.48 0.421687 0.000450171 0.00223729 0.389091 0.392771 0.00242424 0.0144578
0.482424 0.436145 0.000450171 0.00223729 0.389091 0.392771 0.00727273 0.0433735
0.489697 0.479518 0.000450171 0.00223729 0.418182 0.395181 0.00242424 0.0144578
0.492121 0.493976 0.000450171 0.00223729 0.464242 0.416867 0.00242424 0.0144578
0.494545 0.508434 -7.80391e-005 0.00240464 0.49697 0.433735 -0.00121212 0.0144578
0.493333 0.522892 -0.000106538 0.00240031 0.49697 0.440964 -0.00606061 0.0433735
0.487273 0.566265 -0.000344349 0.00231036 0.49697 0.501205 -0.00242424 0.0144578
0.484848 0.580723 -0.000383306 0.00228598 0.49697 0.508434 -0.00363636 0.0144578
0.481212 0.595181 -0.000525837 0.00217109 0.49697 0.53012 -0.00484848 0.0144578
0.476364 0.609639 -0.000612993 0.00207879 0.49697 0.539759 -0.0145455 0.0433735
0.461818 0.653012 -0.000612993 0.00207879 0.473939 0.566265 -0.00484848 0.0144578
0.45697 0.66747 -0.000612993 0.00207879 0.441212 0.575904 -0.00484848 0.0144578
0.452121 0.681928 -0.000612993 0.00207879 0.398788 0.575904 -0.00484848 0.0144578
0.447273 0.696386 -0.000612993 0.00207879 0.338182 0.578313 -0.0145455 0.0433735
0.432727 0.739759 -0.000612993 0.00207879 0.208485 0.568675 -0.00484848 0.0144578
0.427879 0.754217 -0.000612993 0.00207879 0.180606 0.575904 -0.00484848 0.0144578
0.42303 0.768675 -0.000612993 0.00207879 0.158788 0.587952 -0.00484848 0.0144578
0.418182 0.783133 -0.000612993 0.00207879 0.157576 0.590361 -0.0145455 0.0433735
0.403636 0.826506 -0.000612993 0.00207879 0.156364 0.604819 -0.00484848 0.0144578
0.398788 0.840964 -0.000612993 0.00207879 0.156364 0.607229 -0.00484848 0.0144578
0.393939 0.855422 -0.000612993 0.00207879 0.156364 0.607229 -0.00484848 0.0144578
0.389091 0.86988 -0.000612993 0.00207879 0.155152 0.607229 -0.0145455 0.0433735
0.374545 0.913253 -0.000612993 0.00207879 0.155152 0.624096 -0.00484848 0.0144578
0.369697 0.927711 -0.000612993 0.00207879 0.155152 0.624096 -0.00484848 0.0144578
0.364848 0.942169 -0.000612993 0.00207879 0.155152 0.626506 -0.00484848 0.0144578
0.36 0.956627 -0.000612993 0.00207879 0.155152 0.626506 -0.0145455 0.0433735
0.345455 1 -0.000612993 0.00207879 0.155152 0.633735 -0.00484848 0.00481928
0.340606 1.00482 -0.000612993 -0.00207879 0.155152 0.633735 0.414545 -0.296386
0.755152 0.708434 -0.00116088 -0.00069321 0.155152 0.653012 -0.00848485 -0.00722892
0.746667 0.701205 -0.00116088 -0.00069321 0.153939 0.657831 -0.00848485 -0.00722892
0.738182 0.693976 -0.00116088 -0.00069321 0.152727 0.660241 -0.00848485 -0.00722892
0.729697 0.686747 -0.00116088 -0.00069321 0.152727 0.660241 -0.0254545 -0.0216867
0.704242 0.66506 -0.00116088 -0.00069321 0.151515 0.660241 -0.00848485 -0.00722892
0.695758 0.657831 -0.00116088 -0.00069321 0.151515 0.660241 -0.00848485 -0.00722892
0.687273 0.650602 -0.00116088 -0.00069321 0.151515 0.660241 -0.00848485 -0.00722892
0.678788 0.643373 -0.00116088 -0.00069321 0.151515 0.660241 -0.0254545 -0.0216867
0.653333 0.621687 -0.00116088 -0.00069321 0.151515 0.660241 -0.00848485 -0.00722892
0.644848 0.614458 -0.00116088 -0.00069321 0.151515 0.660241 -0.00848485 -0.00722892
0.636364 0.607229 -0.00116088 -0.00069321 0.151515 0.660241 -0.00848485 -0.00722892
0.627879 0.6 -0.00116088 -0.00069321 0.151515 0.660241 -0.0254545 -0.0216867
0.602424 0.578313 -0.00116088 -0.00069321 0.151515 0.660241 -0.00848485 -0.00722892
0.593939 0.571084 -0.00116088 -0.00069321 0.151515 0.660241 -0.00848485 -0.00722892
0.585455 0.563855 -0.00116088 -0.00069321 0.151515 0.660241 -0.00848485 -0.00722892
0.57697 0.556627 -0.00116088 -0.00069321 0.151515 0.660241 -0.0254545 -0.0216867
0.551515 0.53494 -0.00116088 -0.00069321 0.152727 0.660241 -0.00848485 -0.00722892
0.54303 0.527711 -0.00116088 -0.00069321 0.155152 0.660241 -0.00848485 -0.00722892
0.534545 0.520482 -0.00116088 -0.00069321 0.156364 0.657831 -0.00848485 -0.00722892
0.526061 0.513253 -0.00116088 -0.00069321 0.158788 0.650602 -0.0254545 -0.0216867
0.500606 0.491566 -0.00116088 -0.00069321 0.16 0.619277 -0.00848485 -0.00722892
0.492121 0.484337 -0.00116088 -0.00069321 0.16 0.604819 -0.00848485 -0.00722892
0.483636 0.477108 -0.00116088 -0.00069321 0.16 0.59759 -0.00848485 -0.00722892
0.475152 0.46988 -0.00116088 -0.00069321 0.161212 0.583133 -0.0254545 -0.0216867
0.449697 0.448193 -0.00116088 -0.00069321 0.158788 0.546988 -0.00848485 -0.00722892
0.441212 0.440964 -0.00116088 -0.00069321 0.157576 0.53253 -0.00848485 -0.00722892
0.432727 0.433735 -0.00116088 -0.00069321 0.156364 0.527711 -0.00848485 -0.00722892
0.424242 0.426506 -0.00116088 -0.00069321 0.156364 0.522892 -0.0254545 -0.0216867
0.398788 0.404819 -0.00116088 -0.00069321 0.156364 0.513253 -0.00848485 -0.00722892
0.390303 0.39759 -0.00116088 -0.00069321 0.155152 0.506024 -0.00848485 -0.00722892
0.381818 0.390361 -0.00116088 -0.00069321 0.153939 0.496386 -0.00848485 -0.00722892
0.373333 0.383133 -0.00116088 -0.00069321 0.153939 0.491566 -0.0254545 -0.0216867
0.347879 0.361446 -0.00116088 -0.00069321 0.151515 0.46506 -0.00848485 -0.00722892
0.339394 0.354217 -0.00116088 -0.00069321 0.149091 0.438554 -0.00848485 -0.00722892
0.330909 0.346988 -0.00116088 -0.00069321 0.149091 0.428916 -0.00848485 -0.00722892
0.322424 0.339759 -0.00116088 -0.00069321 0.146667 0.40241 -0.0254545 -0.0216867
0.29697 0.318072 -0.00116088 -0.00069321 0.147879 0.366265 -0.00848485 -0.00722892
0.288485 0.310843 -0.00116088 -0.00069321 0.147879 0.354217 -0.00848485 -0.00722892
0.28 0.303614 -0.00116088 -0.00069321 0.150303 0.351807 -0.00848485 -0.00722892
0.271515 0.296386 -0.00116088 -0.00069321 0.152727 0.346988 -0.0254545 -0.0216867
0.246061 0.274699 -0.00116088 -0.00069321 0.158788 0.327711 -0.00848485 -0.00722892
0.237576 0.26747 -0.00116088 -0.00069321 0.166061 0.318072 -0.00848485 -0.00722892
0.229091 0.260241 -0.00116088 -0.00069321 0.169697 0.315663 -0.00848485 -0.00722892
0.220606 0.253012 -0.00116088 -0.00069321 0.173333 0.313253 -0.0133333 -0.0313253
0.207273 0.221687 0.000542077 -0.00215525 0.189091 0.308434 0.00363636 -0.0168675
0.210909 0.204819 0.000542077 -0.00215525 0.192727 0.298795 0.00363636 -0.0168675
0.214545 0.187952 0.000542077 -0.00215525 0.196364 0.289157 0.00363636 -0.0168675
0.218182 0.171084 0.000542077 -0.00215525 0.198788 0.281928 0.0109091 -0.0506024
0.229091 0.120482 0.000542077 -0.00215525 0.204848 0.260241 0.00363636 -0.00240964
0.232727 0.118072 0.000542077 0.00215525 0.206061 0.250602 0.00363636 0.0144578
0.236364 0.13253 0.000542077 0.00215525 0.206061 0.250602 0.00363636 0.0144578
0.24 0.146988 0.000542077 0.00215525 0.206061 0.250602 0.0109091 0.0433735
0.250909 0.190361 0.000542077 0.00215525 0.206061 0.250602 0.00363636 0.0144578
0.254545 0.204819 0.000542077 0.00215525 0.206061 0.250602 0.00363636 0.0144578
0.258182 0.219277 0.000542077 0.00215525 0.207273 0.253012 0.00363636 0.0144578
0.261818 0.233735 0.000542077 0.00215525 0.210909 0.26506 0.0109091 0.0433735
0.272727 0.277108 0.000542077 0.00215525 0.215758 0.291566 0.00363636 0.0144578
0.276364 0.291566 0.000542077 0.00215525 0.21697 0.306024 0.00363636 0.0144578
0.28 0.306024 0.000542077 0.00215525 0.21697 0.315663 0.00363636 0.0144578
0.283636 0.320482 0.000542077 0.00215525 0.218182 0.354217 0.0109091 0.0433735
0.294545 0.363855 0.000542077 0.00215525 0.218182 0.428916 0.00363636 0.0144578
0.298182 0.378313 0.000542077 0.00215525 0.218182 0.457831 0.00363636 0.0144578
0.301818 0.392771 0.000542077 0.00215525 0.21697 0.46747 0.00363636 0.0144578
0.305455 0.407229 0.000542077 0.00215525 0.215758 0.479518 0.0109091 0.0433735
0.316364 0.450602 0.000542077 0.00215525 0.209697 0.508434 0.00363636 0.0144578
0.32 0.46506 0.000542077 0.00215525 0.209697 0.510843 0.00363636 0.0144578
0.323636 0.479518 0.000542077 0.00215525 0.209697 0.520482 0.00363636 0.0144578
0.327273 0.493976 0.000542077 0.00215525 0.209697 0.525301 0.0109091 0.0433735
0.338182 0.537349 0.000542077 0.00215525 0.210909 0.53253 0.00363636 0.0144578
0.341818 0.551807 0.000542077 0.00215525 0.219394 0.539759 0.00363636 0.0144578
0.345455 0.566265 0.000542077 0.00215525 0.225455 0.544578 0.00363636 0.0144578
0.349091 0.580723 0.000542077 0.00215525 0.231515 0.546988 0.0109091 0.0433735
0.36 0.624096 0.000542077 0.00215525 0.259394 0.566265 0.00363636 0.0144578
0.363636 0.638554 0.000542077 0.00215525 0.276364 0.575904 0.00363636 0.0144578
0.367273 0.653012 0.000542077 0.00215525 0.289697 0.575904 0.00363636 0.0144578
0.370909 0.66747 0.000542077 0.00215525 0.300606 0.580723 0.0109091 0.0433735
0.381818 0.710843 0.000542077 0.00215525 0.330909 0.592771 0.00363636 0.0144578
0.385455 0.725301 0.000542077 0.00215525 0.351515 0.614458 0.00363636 0.0144578
0.389091 0.739759 0.000542077 0.00215525 0.368485 0.631325 0.00363636 0.0144578
0.392727 0.754217 0.000542077 0.00215525 0.373333 0.643373 0.0109091 0.0433735
0.403636 0.79759 0.000542077 0.00215525 0.407273 0.710843 0.00363636 0.0144578
0.407273 0.812048 -0.000526969 0.00217 0.424242 0.742169 -0.00484848 0.0144578
0.402424 0.826506 -0.000526969 0.00217 0.429091 0.746988 -0.00484848 0.0144578
0.397576 0.840964 -0.000526969 0.00217 0.432727 0.751807 -0.0145455 0.0433735
0.38303 0.884337 -0.000526969 0.00217 0.425455 0.756627 -0.00484848 0.0144578
0.378182 0.898795 -0.000526969 0.00217 0.41697 0.756627 -0.00484848 0.0144578
0.373333 0.913253 -0.000526969 0.00217 0.408485 0.756627 -0.00484848 0.0144578
0.368485 0.927711 -0.000526969 0.00217 0.396364 0.756627 -0.0145455 0.0433735
0.353939 0.971084 -0.000526969 0.00217 0.36 0.754217 -0.00484848 0.0144578
0.349091 0.985542 -0.000526969 0.00217 0.339394 0.749398 -0.00484848 0.0144578
0.344242 1 -0.000526969 0.00217 0.334545 0.749398 -0.00484848 0.00481928
0.339394 1.00482 -0.000526969 -0.00217 0.327273 0.749398 -0.0145455 -0.0506024
0.324848 0.954217 -0.000526969 -0.00217 0.323636 0.759036 -0.00484848 -0.0168675
0.32 0.937349 -0.000526969 -0.00217 0.321212 0.768675 -0.00484848 -0.0168675
0.315152 0.920482 -0.000526969 -0.00217 0.321212 0.768675 -0.00484848 -0.0168675
0.310303 0.903614 -0.000526969 -0.00217 0.32 0.775904 -0.0145455 -0.0506024
0.295758 0.853012 -0.000672364 0.00200494 0.317576 0.787952 -0.00484848 0.0120482
0.290909 0.86506 -0.000672364 0.00200494 0.316364 0.79759 -0.00484848 0.0120482
0.286061 0.877108 -0.000672364 0.00200494 0.315152 0.8 -0.00484848 0.0120482
0.281212 0.889157 -0.000672364 0.00200494 0.310303 0.816867 -0.0145455 0.0361446
0.266667 0.925301 -0.000672364 0.00200494 0.29697 0.833735 -0.00484848 0.0120482
0.261818 0.937349 -0.000672364 0.00200494 0.289697 0.838554 -0.00484848 0.0120482
0.25697 0.949398 -0.000672364 0.00200494 0.283636 0.838554 -0.00484848 0.0120482
0.252121 0.961446 -0.000672364 0.00200494 0.283636 0.840964 -0.0145455 0.0361446
0.237576 0.99759 -0.000672364 0.00200494 0.283636 0.840964 -0.00484848 0.00722892
0.232727 1.00482 -0.000672364 -0.00200494 0.283636 0.840964 -0.00484848 -0.0144578
0.227879 0.990361 -0.000672364 -0.00200494 0.283636 0.840964 -0.00484848 -0.0144578
0.22303 0.975904 -0.000672364 -0.00200494 0.282424 0.840964 -0.0145455 -0.0433735
0.208485 0.93253 -0.000672364 -0.00200494 0.293333 0.853012 -0.00484848 -0.0144578
0.203636 0.918072 -0.000672364 -0.00200494 0.294545 0.855422 -0.00484848 -0.0144578
0.198788 0.903614 -0.000672364 -0.00200494 0.29697 0.857831 -0.00484848 -0.0144578
0.193939 0.889157 -0.000672364 -0.00200494 0.298182 0.857831 -0.0145455 -0.0433735
0.179394 0.845783 -0.000672364 -0.00200494 0.298182 0.857831 -0.00484848 -0.0144578
0.174545 0.831325 -0.000672364 -0.00200494 0.298182 0.857831 -0.00484848 -0.0144578
0.169697 0.816867 -0.000672364 -0.00200494 0.298182 0.857831 -0.00484848 -0.0144578
0.164848 0.80241 -0.000672364 -0.00200494 0.298182 0.857831 -0.0145455 -0.0433735
0.150303 0.759036 -0.000672364 -0.00200494 0.298182 0.857831 -0.00484848 -0.0144578
0.145455 0.744578 -0.000672364 -0.00200494 0.298182 0.857831 -0.00484848 -0.0144578
0.140606 0.73012 -0.000672364 -0.00200494 0.298182 0.855422 -0.00484848 -0.0144578
0.135758 0.715663 -0.000672364 -0.00200494 0.29697 0.855422 -0.0145455 -0.0433735
0.121212 0.672289 -0.000672364 -0.00200494 0.293333 0.848193 -0.00484848 -0.0144578
0.116364 0.657831 -0.000672364 -0.00200494 0.290909 0.843373 -0.00484848 -0.0144578
0.111515 0.643373 -0.000672364 -0.00200494 0.288485 0.843373 -0.00484848 -0.0144578
0.106667 0.628916 -0.000672364 -0.00200494 0.281212 0.838554 -0.0145455 -0.0433735
0.0921212 0.585542 -0.000672364 -0.00200494 0.276364 0.833735 -0.00484848 -0.0144578
0.0872727 0.571084 -0.000672364 -0.00200494 0.275152 0.831325 -0.00484848 -0.0144578
0.0824242 0.556627 -0.000672364 -0.00200494 0.273939 0.831325 -0.00484848 -0.0144578
0.0775758 0.542169 -0.000672364 -0.00200494 0.270303 0.826506 -0.0145455 -0.0433735
0.0630303 0.498795 -0.000672364 -0.00200494 0.260606 0.814458 -0.00484848 -0.0144578
0.0581818 0.484337 -0.000672364 -0.00200494 0.259394 0.812048 -0.00484848 -0.0144578
0.0533333 0.46988 -0.000672364 -0.00200494 0.258182 0.812048 -0.00484848 -0.0144578
0.0484848 0.455422 -0.000672364 -0.00200494 0.258182 0.809639 0.00727273 -0.0433735
0.0557576 0.412048 0.000672364 -0.00200494 0.254545 0.80241 0.00363636 -0.0144578
0.0593939 0.39759 0.000672364 -0.00200494 0.249697 0.787952 0.646061 -0.240964
0.705455 0.156627 -0.00120088 -0.000327443 0.246061 0.778313 -0.00848485 -0.00240964
0.69697 0.154217 -0.00120088 -0.000327443 0.244848 0.771084 -0.00848485 -0.00240964
0.688485 0.151807 -0.00120088 -0.000327443 0.243636 0.768675 -0.00848485 -0.00240964
0.68 0.149398 -0.00120088 -0.000327443 0.241212 0.766265 -0.0254545 -0.00722892
0.654545 0.142169 -0.00120088 -0.000327443 0.229091 0.739759 -0.00848485 -0.00240964
0.646061 0.139759 -0.00120088 -0.000327443 0.227879 0.737349 -0.00848485 -0.00240964
0.637576 0.137349 -0.00120088 -0.000327443 0.224242 0.73012 -0.00848485 -0.00240964
0.629091 0.13494 -0.00120088 -0.000327443 0.224242 0.73012 -0.0254545 -0.00722892
0.603636 0.127711 -0.00120088 -0.000327443 0.22303 0.725301 -0.00848485 -0.00240964
0.595152 0.125301 -0.00120088 -0.000327443 0.22303 0.722892 -0.00848485 -0.00240964
0.586667 0.122892 -0.00120088 -0.000327443 0.22303 0.722892 -0.00848485 -0.00240964
0.578182 0.120482 -0.00120088 -0.000327443 0.22303 0.715663 -0.0254545 -0.00722892
0.552727 0.113253 -0.00120088 -0.000327443 0.22303 0.706024 -0.00848485 -0.00240964
0.544242 0.110843 -0.00120088 -0.000327443 0.22303 0.703614 -0.00848485 -0.00240964
0.535758 0.108434 -0.00120088 -0.000327443 0.22303 0.698795 -0.00848485 0.00963855
0.527273 0.118072 -0.00120088 0.000327443 0.22303 0.696386 -0.0254545 0
0.501818 0.118072 -0.00120088 0.000327443 0.22303 0.696386 -0.00848485 0
0.493333 0.118072 -0.00120088 0.000327443 0.22303 0.696386 -0.00848485 0
0.484848 0.118072 -0.00120088 0.000327443 0.22303 0.696386 -0.00848485 0
0.476364 0.118072 -0.00120088 0.000327443 0.22303 0.696386 -0.0254545 0
0.450909 0.118072 -0.00120088 0.000327443 0.22303 0.696386 -0.00848485 0
0.442424 0.118072 -0.00120088 0.000327443 0.22303 0.696386 -0.00848485 0
0.433939 0.118072 -0.00120088 0.000327443 0.22303 0.696386 -0.00848485 0
0.425455 0.118072 -0.00120088 0.000327443 0.22303 0.696386 -0.0254545 0
0.4 0.118072 -0.00120088 0.000327443 0.22303 0.696386 -0.00848485 0
0.391515 0.118072 -0.00120088 0.000327443 0.22303 0.691566 -0.00848485 0
0.38303 0.118072 -0.00120088 0.000327443 0.22303 0.684337 -0.00848485 0
0.374545 0.118072 -0.00120088 0.000327443 0.218182 0.645783 -0.0254545 0
0.349091 0.118072 -0.00120088 0.000327443 0.209697 0.612048 -0.00848485 0
0.340606 0.118072 -0.00120088 0.000327443 0.204848 0.60241 -0.00848485 0
0.332121 0.118072 -0.00120088 0.000327443 0.201212 0.595181 -0.00848485 0
0.323636 0.118072 -0.00120088 0.000327443 0.2 0.583133 -0.0254545 0
0.298182 0.118072 -0.00120088 0.000327443 0.190303 0.563855 -0.00848485 0
0.289697 0.118072 -0.00120088 0.000327443 0.180606 0.542169 -0.00848485 0
0.281212 0.118072 -0.00120088 0.000327443 0.179394 0.539759 -0.00848485 0
0.272727 0.118072 -0.00120088 0.000327443 0.169697 0.525301 -0.0254545 0
0.247273 0.118072 -0.00120088 0.000327443 0.150303 0.481928 -0.00848485 0
0.238788 0.118072 -0.00120088 0.000327443 0.144242 0.46988 -0.00848485 0
0.230303 0.118072 -0.00120088 0.000327443 0.132121 0.453012 -0.00848485 0
0.221818 0.118072 -0.00120088 0.000327443 0.12 0.438554 -0.0254545 0
0.196364 0.118072 -0.00120088 0.000327443 0.0969697 0.4 -0.00848485 0
0.187879 0.118072 -0.00120088 0.000327443 0.0921212 0.387952 -0.00848485 0
0.179394 0.118072 -0.00120088 0.000327443 0.0836364 0.371084 -0.00848485 0
0.170909 0.118072 -0.00120088 0.000327443 0.0775758 0.349398 -0.0254545 0
0.145455 0.118072 -0.00120088 0.000327443 0.0666667 0.318072 -0.00848485 0
0.13697 0.118072 -0.00120088 0.000327443 0.0642424 0.315663 -0.00848485 0
0.128485 0.118072 -0.00120088 0.000327443 0.0618182 0.306024 -0.00848485 0
0.12 0.118072 -0.00120088 0.000327443 0.0606061 0.289157 -0.0254545 0
0.0945455 0.118072 -0.00120088 0.000327443 0.0618182 0.26506 -0.00848485 0
0.0860606 0.118072 -0.00120088 0.000327443 0.0654545 0.248193 -0.00848485 0
0.0775758 0.118072 -0.00120088 0.000327443 0.0654545 0.228916 -0.00848485 0
0.0690909 0.118072 -0.00120088 0.000327443 0.0654545 0.216867 -0.0109091 0.0144578
0.0581818 0.13253 -0.00010974 -0.00239974 0.0606061 0.185542 -0.00121212 -0.0168675
0.0569697 0.115663 -0.000133856 -0.0023949 0.0606061 0.180723 -0.00121212 0.00240964
0.0557576 0.118072 -0.000133856 0.0023949 0.0606061 0.180723 -0.00121212 0.0144578
0.0545455 0.13253 -0.000308477 -0.0023303 0.0606061 0.178313 -0.00606061 0.0144578
0.0484848 0.146988 0.000308477 0.0023303 0.0606061 0.175904 0.00121212 0.0144578
0.049697 0.161446 0.000308477 0.0023303 0.0606061 0.175904 0.00121212 0.0144578
0.0509091 0.175904 0.000308477 0.0023303 0.0606061 0.175904 0.00121212 0.0144578
0.0521212 0.190361 0.000308477 0.0023303 0.0606061 0.175904 0 0.0433735
0.0521212 0.233735 -0.000324417 0.00232173 0.0606061 0.175904 -0.00242424 0.0144578
0.049697 0.248193 -0.000324417 0.00232173 0.0606061 0.175904 -0.00121212 0.0144578
0.0484848 0.262651 0.000324417 0.00232173 0.0606061 0.175904 0.00121212 0.0144578
0.049697 0.277108 0.000324417 0.00232173 0.0606061 0.175904 0.00363636 0.0433735
0.0533333 0.320482 0.000324417 0.00232173 0.0618182 0.175904 0.00121212 0.0144578
0.0545455 0.33494 0.000324417 0.00232173 0.0642424 0.183133 0.00121212 0.0144578
0.0557576 0.349398 0.000324417 0.00232173 0.0654545 0.185542 0.00121212 0.0144578
0.0569697 0.363855 0.000324417 0.00232173 0.0678788 0.192771 0.00363636 0.0433735
0.0606061 0.407229 0.000324417 0.00232173 0.0715152 0.212048 0.00121212 0.0144578
0.0618182 0.421687 0.000324417 0.00232173 0.0775758 0.226506 0.00121212 0.0144578
0.0630303 0.436145 0.000324417 0.00232173 0.08 0.233735 0.00121212 0.0144578
0.0642424 0.450602 0.000324417 0.00232173 0.0872727 0.260241 0.00363636 0.0433735
0.0678788 0.493976 0.000324417 0.00232173 0.0909091 0.284337 0.00121212 0.0144578
0.0690909 0.508434 0.000324417 0.00232173 0.0921212 0.289157 0.00121212 0.0144578
0.070303 0.522892 0.000324417 0.00232173 0.0921212 0.293976 0.00121212 0.0144578
0.0715152 0.537349 0.000324417 0.00232173 0.0921212 0.293976 0.00363636 0.0433735
0.0751515 0.580723 0.000324417 0.00232173 0.0848485 0.303614 0.00121212 0.0144578
0.0763636 0.595181 0.000324417 0.00232173 0.0836364 0.318072 0.00121212 0.0144578
0.0775758 0.609639 0.000324417 0.00232173 0.0836364 0.320482 0.00121212 0.0144578
0.0787879 0.624096 0.000324417 0.00232173 0.0836364 0.337349 0.00363636 0.0433735
0.0824242 0.66747 0.000324417 0.00232173 0.0775758 0.438554 0.00121212 0.0144578
0.0836364 0.681928 0.000324417 0.00232173 0.0872727 0.527711 0.00121212 0.0144578
0.0848485 0.696386 0.000324417 0.00232173 0.0909091 0.563855 0.00121212 0.0144578
0.0860606 0.710843 0.000324417 0.00232173 0.12 0.648193 0.00363636 0.0433735
0.089697 0.754217 0.000324417 0.00232173 0.146667 0.718072 0.00121212 0.0144578
0.0909091 0.768675 0.000324417 0.00232173 0.153939 0.744578 0.00121212 0.0144578
0.0921212 0.783133 0.000324417 0.00232173 0.158788 0.763855 0.00121212 0.0144578
0.0933333 0.79759 0.000324417 0.00232173 0.172121 0.792771 0.00363636 0.0433735
0.0969697 0.840964 0.000324417 0.00232173 0.190303 0.821687 0.00121212 0.0144578
0.0981818 0.855422 0.000324417 0.00232173 0.196364 0.826506 0.00121212 0.0144578
0.0993939 0.86988 0.000324417 0.00232173 0.197576 0.826506 0.00121212 0.0144578
0.100606 0.884337 0.000324417 0.00232173 0.2 0.828916 0.00363636 0.0433735
0.104242 0.927711 0.000324417 0.00232173 0.201212 0.828916 0.00121212 0.0144578
0.105455 0.942169 0.000324417 0.00232173 0.202424 0.828916 0.00121212 0.0144578
0.106667 0.956627 0.000324417 0.00232173 0.202424 0.828916 0.00121212 0.0144578
0.107879 0.971084 0.000324417 0.00232173 0.202424 0.828916 0.00363636 0.0337349
0.111515 1.00482 0.000324417 -0.00232173 0.202424 0.828916 0.00121212 -0.0168675
0.112727 0.987952 0.000324417 -0.00232173 0.202424 0.828916 0.00121212 -0.0168675
0.113939 0.971084 0.000324417 -0.00232173 0.202424 0.828916 0.00121212 -0.0168675
0.115152 0.954217 0.000324417 -0.00232173 0.202424 0.828916 0.00363636 -0.0506024
0.118788 0.903614 0.000324417 -0.00232173 0.2 0.833735 0.00121212 -0.0168675
0.12 0.886747 0.000324417 -0.00232173 0.198788 0.836145 0.00121212 -0.0168675
0.121212 0.86988 0.000324417 -0.00232173 0.198788 0.836145 0.00121212 -0.0168675
0.122424 0.853012 0.000324417 -0.00232173 0.196364 0.838554 0.00363636 -0.0506024
0.126061 0.80241 0.000324417 -0.00232173 0.195152 0.838554 0.00121212 -0.0168675