-0.161617 -0.0845672 0.00358243 -0.00429891 0.0239943 0.397619 0.00330128 -0.0276154
-0.125953 -0.127363 0.00354676 -0.00425612 0.0272956 0.370004 0.000161326 -0.0037893
-0.0906447 -0.169734 0.00351146 -0.00421375 0.0274569 0.366214 -0 -0
-0.0556877 -0.211682 0.0034765 -0.0041718 0.0274569 0.366214 -0.00407719 -0.000539659
-0.0210787 -0.253213 0.00344189 -0.00413027 0.0233797 0.365675 -0 -0
0.0131857 -0.29433 0.00340763 -0.00408915 0.0233797 0.365675 0.0501706 -0.0361671
0.047109 -0.335038 0.0033737 -0.00404844 0.0735503 0.329508 0.017584 -0.0163913
0.0806946 -0.375341 0.00334012 -0.00400814 0.0911343 0.313116 0.00431185 -0.00248145
0.113946 -0.415242 0.00330687 -0.00396824 0.0954462 0.310635 -0 -0
0.146866 -0.454747 0.00327395 -0.00392873 0.0954462 0.310635 -0 -0
0.179459 -0.470473 0.00324135 0.00388962 0.0954462 0.310635 0.00940632 -0.00567925
0.211727 -0.431751 0.00320908 0.0038509 0.104853 0.304956 0.0287441 -0.00259708
0.243674 -0.393415 0.00317714 0.00381257 0.133597 0.302358 0.0130931 0.000450598
0.275302 -0.355461 0.00314551 0.00377461 0.14669 0.302809 0.00635407 0.00482608
0.306616 -0.317884 0.0031142 0.00373703 0.153044 0.307635 0.0202562 0.00128696
0.337618 -0.280681 0.00308319 0.00369983 0.1733 0.308922 0.0033563 0.000109173
0.368312 -0.243849 0.0030525 0.003663 0.176656 0.309031 -0 -0
0.3987 -0.207383 0.00302211 0.00362653 0.176656 0.309031 -0 -0
0.428785 -0.171281 0.00299203 0.00359043 0.176656 0.309031 -0 -0
0.452641 -0.135538 -0.00296224 0.00355469 0.176656 0.309031 0.00372844 -0.00148167
0.423152 -0.10015 -0.00293275 0.0035193 0.180385 0.30755 0.00387791 -0.00236717
0.393956 -0.0651153 -0.00290355 0.00348427 0.184263 0.305182 0.00155294 -0.00419643
0.36505 -0.030429 -0.00287465 0.00344958 0.185816 0.300986 -0.00139923 -0.00570018
0.336433 0.00391193 -0.00284603 0.00341524 0.184416 0.295286 0.000640634 -0.00367046
0.3081 0.037911 -0.0028177 0.00338124 0.185057 0.291615 0.00209877 -0.0141319
0.28005 0.0715717 -0.00278965 0.00334758 0.187156 0.277483 0.00327548 -0.0122063
-0.00104208 0.0260744 -0.0137781 0.00938893 0.190431 0.265277 -0.0217615 -0.0268011
-0.138205 0.119542 -0.013641 0.00929546 0.16867 0.238476 -0.140709 0.00686451
-0.274002 0.21208 -0.0135052 0.00920292 0.0279611 0.245341 -0.221087 0.0756048
-0.408448 0.303696 -0.0133707 0.0091113 -0.193126 0.320945 -0.0680237 0.0320887
-0.355485 0.3944 0.0132376 0.0090206 -0.261149 0.353034 0.00847477 0.03924
-0.223703 0.466322 0.0131058 -0.0089308 -0.252675 0.392274 0.0140965 0.0347696
-0.0932328 0.377414 0.0129754 -0.00884189 -0.238578 0.427044 0.00203548 0.01064
0.0359385 0.289392 0.0128462 -0.00875387 -0.236543 0.437684 0.0520871 -0.0766197
0.163824 0.202247 0.0127183 -0.00866672 -0.184456 0.361064 0.0496893 -0.032809
0.290436 0.115968 0.0125917 -0.00858045 -0.134766 0.328255 0.0214536 -0.0295256
0.415788 0.0305489 0.0124663 -0.00849503 -0.113313 0.298729 0.0382494 -0.0358241
0.366407 -0.0540201 -0.0123422 -0.00841046 -0.0750633 0.262905 0.00375245 -0.0214659
0.243539 -0.137747 -0.0122194 -0.00832673 -0.0713108 0.241439 -0.00330205 -0.00406493
0.121894 -0.220641 -0.0120977 -0.00824384 -0.0746129 0.237375 -0.00208169 -0.00341505
0.00145924 -0.302709 -0.0119773 -0.00816177 -0.0766946 0.23396 -0 -0
-0.117776 -0.383961 -0.0118581 -0.00808052 -0.0766946 0.23396 -0.0044484 -0.00227601
-0.235824 -0.464403 -0.01174 -0.00800007 -0.081143 0.231683 -0.0699856 -0.00154546
-0.352698 -0.416746 -0.0116231 0.00792043 -0.151129 0.230138 -0.00320616 -0.00329922
-0.445369 -0.337897 0.0115074 0.00784158 -0.154335 0.226839 -0 -0
-0.330812 -0.259833 0.0113929 0.00776352 -0.154335 0.226839 0.00542797 -0.0010204
-0.217394 -0.182546 0.0112794 0.00768623 -0.148907 0.225818 0.109247 -0.0239983
-0.105106 -0.106029 0.0111672 0.00760972 -0.0396597 0.20182 0.0871341 0.00120684
0.00606435 -0.0302731 0.011056 0.00753396 0.0474744 0.203027 0.153516 -0.0324361
0.116128 0.0447283 0.0109459 0.00745896 0.200991 0.170591 0.0485874 -0.0241459
0.225096 0.118983 0.010837 0.0073847 0.249578 0.146445 -0.00119016 -0.00120763
0.267153 0.112984 0.00373231 -0.000532378 0.248388 0.145237 -0.0113313 -0.0999941
0.337361 0.0762133 0.00623056 -0.00326322 0.237057 0.0452433 0.0098567 0.0637221
0.399387 0.0437275 0.00616854 -0.00323073 0.246914 0.108965 0.000959909 0.0121029
0.448569 0.0115652 -0.00610713 -0.00319857 0.247873 0.121068 0.02959 0.00156047
0.387771 -0.0202769 -0.00604633 -0.00316673 0.277463 0.122629 0.0429127 -0.0493989
0.32758 -0.0518021 -0.00598614 -0.0031352 0.320376 0.0732298 -0 -0
0.267987 -0.0830134 -0.00592655 -0.00310399 0.320376 0.0732298 -0.178619 0.111012
0.208987 -0.113914 -0.00586755 -0.00307309 0.141757 0.184242 -0.12997 0.0675869
0.150575 -0.144507 -0.00580913 -0.0030425 0.0117876 0.251829 -0.0612076 0.0298537
0.0927446 -0.174795 -0.0057513 -0.00301221 -0.0494201 0.281683 -0.0972996 -0.00472496
0.0354897 -0.204782 -0.00569405 -0.00298222 -0.14672 0.276958 -0.0581147 -0.00767857
-0.0211953 -0.234471 -0.00563736 -0.00295253 -0.204834 0.269279 -0.0458226 -0.0164771
-0.0773159 -0.263864 -0.00558124 -0.00292314 -0.250657 0.252802 -0.0160618 -0.0167166
-0.132878 -0.292964 -0.00552568 -0.00289404 -0.266719 0.236086 -0 -0
-0.187887 -0.321774 -0.00547067 -0.00286523 -0.266719 0.236086 -0.00751639 -0.00830524
-0.428369 -0.0793948 0.0231836 0.00503273 -0.274235 0.227781 -0.0137523 -0.0347198
-0.197574 -0.0292934 0.0229528 0.00498263 -0.287987 0.193061 0.086037 -0.0145658
0.0309236 0.0203092 0.0227243 0.00493302 -0.20195 0.178495 0.323184 -0.0109842
0.257146 0.0694181 0.022498 0.00488392 0.121234 0.167511 0.000576404 0.0314614
0.391887 0.118038 -0.0222741 0.0048353 0.121811 0.198972 -0.00862149 0.0103036
0.170146 0.166174 -0.0220523 0.00478716 0.113189 0.209276 -0 -0
-0.0849512 0.190127 -0.0229445 0.00116615 0.113189 0.209276 0.0148976 -0.0467898
-0.313367 0.201736 -0.0227161 0.00115454 0.128087 0.162486 -0.235489 0.11786
-0.359138 0.21323 0.02249 0.00114304 -0.107402 0.280346 -0.00382725 0.050855
-0.135248 0.224609 0.0222661 0.00113166 -0.111229 0.331201 0.210041 -0.155838
0.0864141 0.235875 0.0220444 0.0011204 0.0988121 0.175362 0.0613025 -0.0470665
0.305869 0.247029 0.021825 0.00110924 0.160115 0.128296 -0.0363036 0.0545687
0.393233 0.258071 -0.0216077 0.0010982 0.123811 0.182865 0.0202417 0.0613843
0.172777 0.277955 -0.0127257 0.00477372 0.144053 0.244249 3.35234e-005 0.0176869
0.0460912 0.325478 -0.012599 0.00472619 0.144086 0.261936 -0 -0
-0.079333 0.372528 -0.0124735 0.00467914 0.144086 0.261936 -0.0874544 0.0708781
-0.203509 0.419109 -0.0123494 0.00463256 0.0566319 0.332814 -0.0746081 0.0347427
-0.326448 0.465227 -0.0122264 0.00458644 -0.0179762 0.367557 -0.0227627 -0.00202961
-0.448164 0.44706 -0.0121047 -0.00454079 -0.0407389 0.365527 -0.00831264 -0.0541638
-0.32766 0.401856 0.0119842 -0.00449558 -0.0490516 0.311363 -0.00781984 -0.0114834
-0.208356 0.357102 0.0118649 -0.00445083 -0.0568714 0.29988 0.0328301 -0.0144976
-0.090239 0.312793 0.0117468 -0.00440652 -0.0240413 0.285382 0.000973011 -0.000358203
-0.0714489 0.311054 0.000686675 0.000260056 -0.0230683 0.285024 -0.00134289 -0.00100991
-0.064613 0.313643 0.000679839 0.000257467 -0.0244112 0.284014 0.0265966 0.00452519
-0.0578451 0.316206 0.000673071 0.000254904 0.00218542 0.288539 0.0304436 0.0320256
-0.0522234 0.319264 0.000219516 0.000303713 0.032629 0.320565 -0.0307622 0.0481991
-0.0500381 0.322287 0.000217331 0.000300689 0.00186681 0.368764 -0.0183963 0.0160946
-0.0478746 0.325281 0.000215167 0.000297696 -0.0165295 0.384858 -0.000600728 -0.123316
-0.0457325 0.328244 0.000213025 0.000294732 -0.0171302 0.261542 0.000807797 -0.0362789
-0.0436118 0.331178 0.000210905 0.000291798 -0.0163224 0.225263 -0 -0
-0.0415123 0.334083 0.000208805 0.000288893 -0.0163224 0.225263 0.0532271 -0.0511191
-0.0394336 0.336959 0.000206726 0.000286017 0.0369047 0.174144 -0.00575942 0.166614
-0.0372962 0.340143 0.000129049 0.000281532 0.0311453 0.340758 -0.010433 0.0367921
-0.0360114 0.342946 0.000127765 0.000278729 0.0207123 0.37755 -0.013975 0.0222313
-0.0347395 0.345721 0.000126493 0.000275954 0.00673725 0.399781 -0.0145858 -0.00704123
-0.0334803 0.348468 0.000125234 0.000273207 -0.0078486 0.39274 -0.00168371 -0.0214388
-0.0558375 0.321872 -0.0037543 -0.00456735 -0.0095323 0.371301 -0.00675739 -0.0185172
-0.093212 0.276403 -0.00371692 -0.00452188 -0.0162897 0.352784 -0.0574879 -0.101669
-0.229015 0.183067 -0.0267284 -0.0150301 -0.0737776 0.251115 -0.00613801 -0.0300034
-0.389091 0.0334405 0.0264623 -0.0148804 -0.0799156 0.221112 -0 -0
0.453908 0.0470549 0.0148919 0.00981795 -0.0799156 0.221112 0.0130463 -0.00886793
0.305657 0.144794 -0.0147437 0.00972021 -0.0668693 0.212244 0.0307271 0.014276
0.158882 0.24156 -0.0145969 0.00962344 -0.0361422 0.22652 0.0347513 0.0887843
0.134378 0.357104 0.0295741 0.0124993 -0.00139094 0.315304 -0.0110962 0.119022
0.428792 0.481535 0.0292797 0.0123748 -0.0124872 0.434326 0.0324465 -0.0102804
0.195869 0.358342 -0.0289882 -0.0122516 0.0199593 0.424045 0.00387735 -0.0319102
-0.0927123 0.236376 -0.0286996 -0.0121297 0.0238366 0.392135 -0.00178113 -0.130209
-0.37842 0.115623 -0.0284139 -0.0120089 0.0220555 0.261927 0.000721039 -0.0219167
-0.209155 -0.00392709 0.028131 -0.0118894 0.0227766 0.24001 0.00568713 -0.0254263
0.0708925 -0.122287 0.027851 -0.011771 0.0284637 0.214584 0.0132771 -0.0336257
0.348152 -0.239469 0.0275737 -0.0116538 0.0417408 0.180958 0.0176066 -0.0304554
0.293912 -0.355485 -0.0272992 -0.0115378 0.0593474 0.150503 0.0018644 -0.00256013
0.0221448 -0.470345 -0.0270275 -0.011423 0.0612118 0.147942 0.0500255 0.0159343
-0 -0.166667 -0 -0 0.111237 0.163877 0.0111697 0.0227581
-0 -0.166667 -0 -0 0.122407 0.186635 -0.00421165 0.00409787
-0 -0.166667 -0 -0 0.118195 0.190733 -0.0850071 0.00571994
-0 -0.166667 -0 -0 0.0331882 0.196453 -0.0290234 -0.00211943
-0 -0.166667 -0 -0 0.0041648 0.194333 -0.0157122 0.00316448
-0 -0.166667 -0 -0 -0.0115474 0.197498 -0.029371 0.00300068
-0 -0.166667 -0 -0 -0.0409184 0.200498 -0.0463612 0.00663467
-0 -0.166667 -0 -0 -0.0872796 0.207133 -0.0100124 0.00668812
-0 -0.166667 -0 -0 -0.097292 0.213821 -5.13022e-005 0.00454722
-0 -0.166667 -0 -0 -0.0973433 0.218368 0.00258471 0.00804315
-0 -0.166667 -0 -0 -0.0947586 0.226411 0.0314081 0.00272997
-0 -0.166667 -0 -0 -0.0633505 0.229141 0.0253408 0.000100308
-0 -0.166667 -0 -0 -0.0380097 0.229242 0.00167469 2.36141e-006
-0 -0.166667 -0 -0 -0.036335 0.229244 0.00787107 -4.97478e-007
-0 -0.166667 -0 -0 -0.0284639 0.229244 0.0146003 0.00420266
-0 -0.166667 -0 -0 -0.0138636 0.233446 0.00703032 0.00376152
-0 -0.166667 -0 -0 -0.0068333 0.237208 0.0500169 0.00230755
-0 -0.166667 -0 -0 0.0431836 0.239515 0.0322043 0.00631732
-0 -0.166667 -0 -0 0.0753879 0.245833 0.0130516 0.00570397
-0 -0.166667 -0 -0 0.0884395 0.251537 0.0119953 0.00586616
-0 -0.166667 -0 -0 0.100435 0.257403 0.0213785 0.00318409
-0 -0.166667 -0 -0 0.121813 0.260587 0.0032071 0.000355748
-0 -0.166667 -0 -0 0.12502 0.260943 -0 -0
-0 -0.166667 -0 -0 0.12502 0.260943 -0 -0
-0 -0.166667 -0 -0 0.12502 0.260943 -0 -0
-0 -0.166667 -0 -0 0.12502 0.260943 -0.000643595 -0.000255178
-0 -0.166667 -0 -0 0.124377 0.260687 -0.0695275 -0.000923986
0.0215218 0.00510744 -0.0243799 0.00498323 0.0548492 0.259763 -0.0385604 0.00133115
-0.221183 0.054716 -0.0241372 0.00493362 0.0162889 0.261095 -0.107725 0.00469629
-0.413629 0.103831 0.0238969 0.0048845 -0.0914364 0.265791 0.0158757 0.0117207
-0.175733 0.152457 0.023659 0.00483588 -0.0755607 0.277512 0.0535334 -0.00645522
0.0597948 0.200598 0.0234234 0.00478773 -0.0220273 0.271056 0.195777 -0.058611
0.292978 0.248261 0.0231903 0.00474007 0.17375 0.212445 0.0391609 0.0150899
0.385807 0.295449 -0.0229594 0.00469288 0.212911 0.227535 -0.205589 0.108695
0.157244 0.342167 -0.0227308 0.00464617 0.00732149 0.336231 -0.000107425 0.0594784
0.0711299 0.365051 0.000646416 0.000598501 0.00721406 0.395709 0.0345472 0.00700084
0.0775651 0.371009 0.000639981 0.000592543 0.0417613 0.40271 0.00896504 -0.00738008
0.12508 0.340869 0.00461542 -0.00302599 0.0507263 0.39533 0.0128641 -0.00176105
0.171027 0.310745 0.00456948 -0.00299587 0.0635904 0.393569 0.042569 -0.011808
0.216517 0.280921 0.00452399 -0.00296605 0.106159 0.381761 0.119383 -0.102492
0.337651 0.191872 0.0383153 -0.0296991 0.225542 0.279269 0.170426 -0.14464
0.18588 -0.103786 -0.0379339 -0.0294035 0.395968 0.134629 0.0120806 -0.0328949
-0.191756 -0.396501 -0.0375562 -0.0291107 0.408049 0.101734 -0.285477 0.125843
-0.342092 -0.223085 0.0371823 0.0288209 0.122572 0.227577 -0.0606106 0.0534793
0.0280627 0.0638312 0.0368122 0.028534 0.0619613 0.281057 0.0190521 0.0154007
0.394532 0.347891 0.0364457 0.02825 0.0810134 0.296457 0.256917 -0.104353
0.104602 0.29232 -0.0360829 -0.0279687 0.337931 0.192104 -0.0881657 0.0108598
-0.254607 0.013888 -0.0357237 -0.0276903 0.249765 0.202964 -0.07446 0.0317458
-0.255497 -0.261772 0.035368 -0.0274146 0.175305 0.23471 -0.0477958 0.0161998
-0 -0.166667 -0 -0 0.127509 0.25091 0.023513 -0.0312675
-0 -0.166667 -0 -0 0.151022 0.219642 -0.0248467 0.0194327
-0 -0.166667 -0 -0 0.126176 0.239075 -0.0969579 0.00988958
-0 -0.166667 -0 -0 0.0292178 0.248965 -0.0301671 -0.00611207
-0 -0.166667 -0 -0 -0.000949342 0.242852 -0.109566 -0.00366208
-0 -0.166667 -0 -0 -0.110515 0.23919 -0.0283234 0.0336902
-0 -0.166667 -0 -0 -0.138839 0.272881 -0 -0
-0 -0.166667 -0 -0 -0.138839 0.272881 -0.000151185 0.00680167
-0 -0.166667 -0 -0 -0.13899 0.279682 -0.0130691 0.0370303
-0 -0.166667 -0 -0 -0.152059 0.316713 0.011184 0.0124115
-0 -0.166667 -0 -0 -0.140875 0.329124 0.0188421 0.00196405
-0 -0.166667 -0 -0 -0.122033 0.331088 0.0241787 -0.0242308
-0 -0.166667 -0 -0 -0.0978542 0.306857 0.0192122 -0.0165938
-0 -0.166667 -0 -0 -0.078642 0.290263 0.0219359 -0.0174515
-0 -0.166667 -0 -0 -0.0567061 0.272812 0.0092753 -0.00785289
-0 -0.166667 -0 -0 -0.0474308 0.264959 0.00287445 -0.00110064
-0 -0.166667 -0 -0 -0.0445563 0.263858 -0 -0
-0 -0.166667 -0 -0 -0.0445563 0.263858 0.0656784 -0.0223478
-0.350377 -0.150721 -0.000866289 0.00854739 0.0211221 0.241511 0.0468516 -0.0161622
-0.359001 -0.0656305 -0.000857665 0.0084623 0.0679737 0.225348 -0.00745153 0.00576934
-0.36754 0.0186126 -0.000849127 0.00837805 0.0605222 0.231118 -0.134929 0.0170776
-0.375993 0.102017 -0.000840674 0.00829465 -0.0744068 0.248195 -0.229036 0.0601426
-0.384362 0.184591 -0.000832305 0.00821208 -0.303443 0.308338 -0.0734802 0.0326551
-0.392647 0.266344 -0.000824019 0.00813032 -0.376923 0.340993 -0.00686703 0.000602698
-0.425282 0.317649 -0.00531134 0.000507164 -0.38379 0.341596 0.0097598 0.00542714
-0.442892 0.319613 0.00113043 -0.000648407 -0.374031 0.347023 0.022933 0.0296399
-0.431639 0.313158 0.00111917 -0.000641952 -0.351098 0.376663 0.00364559 0.00547867
-0.420497 0.306767 0.00110803 -0.000635561 -0.347452 0.382141 -0.00128196 0.00580082
-0.409467 0.30044 0.001097 -0.000629234 -0.348734 0.387942 -0.0924411 -0.106743
-0.395984 0.293937 0.00132621 -0.00052482 -0.441175 0.2812 -0 -0
-0.382781 0.288712 0.00131301 -0.000519595 -0.441175 0.2812 0.0207115 -0.0478016
-0.36971 0.28354 0.00129994 -0.000514422 -0.420464 0.233398 0.0172408 0.0349934
-0.319378 0.29782 0.0063322 0.00229146 -0.403223 0.268391 0.0100682 0.0345565
-0.25634 0.320632 0.00626916 0.00226865 -0.393155 0.302948 0.0484949 0.0309038
-0.19393 0.343217 0.00620675 0.00224606 -0.34466 0.333852 0.114356 0.0225728
-0.132141 0.365576 0.00614496 0.0022237 -0.230304 0.356424 0.313967 -0.040661
0.129291 0.408399 0.0234105 0.00383467 0.0836632 0.315763 0.068534 -0.0116193
0.362345 0.446574 0.0231774 0.00379649 0.152197 0.304144 -0.0471281 0.00805358
0.316753 0.476843 -0.0229467 -0.0037587 0.105069 0.312198 -0.148947 0.0695612
0.0883154 0.439425 -0.0227183 -0.00372128 -0.0438783 0.381759 -0.00873596 0.0286765
-0 0.166667 -0 -0 -0.0526142 0.410435 0.00635897 -4.82853e-005
-0 0.166667 -0 -0 -0.0462553 0.410387 3.11918e-005 -0.00373201
-0 0.166667 -0 -0 -0.0462241 0.406655 0.0090551 -0.0889549
-0 0.166667 -0 -0 -0.037169 0.3177 0.0156149 -0.0762674
-0 0.166667 -0 -0 -0.021554 0.241433 -0.00564413 -0.0534647
0.29557 -0.0648219 0.032317 -0.0253104 -0.0271982 0.187968 -0 -0
0.296375 -0.31679 -0.0319952 -0.0250585 -0.0271982 0.187968 -0.028334 -0.0412059
-0.0221418 -0.367281 -0.0316767 0.024809 -0.0555322 0.146762 -0.0444564 0.0121778
-0.337488 -0.120304 -0.0313614 0.024562 -0.0999886 0.15894 -0.0400703 0.00813685
-0.213261 0.124214 0.0310492 0.0243175 -0.140059 0.167077 0.0512747 0.0161401
-0.296985 0.186306 -0.0111897 0.00368284 -0.0887843 0.183217 0.00121318 -0.00527516
-0.40838 0.222969 -0.0110783 0.00364618 -0.0875711 0.177942 -0.00819448 0.0951051
-0.386588 0.259267 0.010968 0.00360988 -0.0957656 0.273047 -0.0948709 0.167418
-0.2774 0.295204 0.0108588 0.00357394 -0.190636 0.440465 0.0360211 -0.021505
-0.169299 0.330783 0.0107507 0.00353837 -0.154615 0.41896 0.0754232 -0.171042
-0.234968 0.0539325 -0.0095299 -0.0310436 -0.0791921 0.247917 0.0103098 -0.0385867
-0.32984 -0.25511 -0.00943503 -0.0307346 -0.0688822 0.209331 -0.00534531 0.014947
-0.423767 -0.378139 -0.0093411 0.0304286 -0.0742276 0.224278 -0.00404438 0.00885077
-0.262223 -0.0668849 -0.0153044 0.00113855 -0.0782719 0.233129 -0.0358345 0.0155506
-0.41458 -0.0555505 -0.0151521 0.00112722 -0.114106 0.248679 -0.00148237 0.00551363
-0.324318 -0.0443289 0.0150012 0.001116 -0.115589 0.254193 0.00178972 0.00554502
-0.174978 -0.0332191 0.0148519 0.00110489 -0.113799 0.259738 0.0434048 0.0265863
-0.027126 -0.0222198 0.0147041 0.00109389 -0.0703942 0.286324 0.0746338 -0.0057732
0.119255 -0.01133 0.0145577 0.001083 0.00423958 0.280551 0.0372794 -0.00702918
0.264178 -0.000548673 0.0144127 0.00107222 0.041519 0.273522 0.0102081 -0.00834775
0.407659 0.0101254 0.0142693 0.00106154 0.0517271 0.265174 -0.0115868 -0.0427515
0.351136 0.0206931 -0.0141272 0.00105097 0.0401402 0.222422 -0.00314004 -0.00929642
0.210498 0.0311557 -0.0139866 0.00104051 0.0370002 0.213126 -0.0033771 -0.0316538
0.0712602 0.0415141 -0.0138473 0.00103015 0.0336231 0.181472 -0.0288215 -0.068582
-0.0665917 0.0517694 -0.0137095 0.0010199 0.00480155 0.11289 -0.104475 -0.0864755
-0.263416 -0.0373722 0.0540592 -0.00996946 -0.0996731 0.0264146 0.0715774 0.112615
0.27475 -0.136619 0.053521 -0.00987021 -0.0280958 0.13903 0.0312933 0.104966
0.0627469 -0.234878 -0.0529882 -0.00977195 0.00319748 0.243995 -0.0498662 0.0434385
-0.359731 -0.332159 0.0524607 -0.00967467 -0.0466688 0.287434 -0.0168902 -0.0476178
0.162522 -0.428472 0.0519385 -0.00957836 -0.063559 0.239816 0.0327295 -0.0181882
0.163815 -0.42871 -0.0514214 0.009483 -0.0308295 0.221628 0.00214044 -0.00174796
-0.348091 -0.334306 -0.0509095 0.0093886 -0.028689 0.21988 -0.0158201 -0.0067883
-0.044817 -0.240841 0.0504027 0.00929514 -0.0445092 0.213092 0.00111841 0.00356899
0.456948 -0.148307 0.0499009 0.0092026 -0.0433908 0.216661 0.00430342 0.0274634
-0.0398219 -0.0566941 -0.0494042 0.00911099 -0.0390873 0.244124 -0.0236309 0.0120856
-0.335703 0.0340068 0.0489123 0.00902029 -0.0627183 0.25621 0.011014 -0.0321523
0.151225 0.123805 0.0484254 0.00893049 -0.0517043 0.224057 0.201191 -0.0692956
0.248799 0.212709 -0.0479433 0.00884159 0.149487 0.154762 -0.00709255 0.0256415
-0.228483 0.300728 -0.0474661 0.00875357 0.142394 0.180403 -0.0334493 0.0335972
-0.135112 0.387871 0.0469935 0.00866642 0.108945 0.214001 -0.0166391 0.0161536
0.332714 0.474146 0.0465257 0.00858015 0.0923059 0.230154 -0.0224341 0.0221375
0.055555 0.40589 -0.0460625 -0.00849473 0.0698718 0.252292 -0.00134241 0.0397724
-0.403003 0.321324 -0.045604 -0.00841017 0.0685294 0.292064 0.00455309 0.0124219
-0.040218 0.2376 0.04515 -0.00832644 0.0730825 0.304486 0.0741199 -0.0781797
0.409255 0.154709 0.0447005 -0.00824355 0.147202 0.226306 0.0767014 -0.0655644
0.0536576 0.0726434 -0.0442555 -0.00816149 0.223904 0.160742 -0.11129 -0.04927
-0.386911 -0.00860512 -0.0438149 -0.00808024 0.112613 0.111472 0.00154274 -0.0209686
-0.0383582 -0.0890448 0.0433788 -0.0079998 0.114156 0.0905032 -0.00254294 -0.0225508
0.393482 -0.168684 0.0429469 -0.00792016 0.111613 0.0679525 -0 -0
0.0518346 -0.24753 -0.0425194 -0.00784131 0.111613 0.0679525 -0.0376511 0.00979726
-0.371451 -0.325591 -0.0420961 -0.00776325 0.0739621 0.0777497 -0.0757934 0.0141938
-0.120679 -0.402875 0.041677 -0.00768597 -0.00183132 0.0919435 0.0376637 -0.00534956
0.29422 -0.47939 0.0412621 -0.00760945 0.0358323 0.086594 0.0500895 -0.0187649
-0.0933105 0.0551238 -0.00969419 0.00829988 0.0859219 0.067829 0.0068437 0.00603636
-0.189817 0.13775 -0.00959768 0.00821725 0.0927656 0.0738654 -0.258269 0.156182
-0.285363 0.219554 -0.00950214 0.00813545 -0.165504 0.230048 -0.11016 0.0950145
-0.379958 0.300543 -0.00940754 0.00805446 -0.275663 0.325062 -0.0410514 0.0145917
-0.4363 0.380726 0.00931389 0.00797427 -0.316715 0.339654 0.00507673 0.0119329
-0.343579 0.460111 0.00922117 0.00789489 -0.311638 0.351587 0.100466 0.00784059
-0.251781 0.41308 0.00912937 -0.00781629 -0.211172 0.359427 0.0447168 0.0161026
-0.246127 0.383893 -0.00263505 -0.00069942 -0.166455 0.37553 0.00535142 0.00386078
-0.272359 0.37693 -0.00260882 -0.000692457 -0.161104 0.379391 0.00469366 0.00973291
-0.29833 0.370037 -0.00258285 -0.000685564 -0.15641 0.389124 -0.0825968 0.0409976
-0.324043 0.363212 -0.00255714 -0.000678739 -0.239007 0.430121 -0.0895391 0.023888
-0.349499 0.356455 -0.00253168 -0.000671982 -0.328546 0.454009 -0.0655164 -0.141588
-0.178395 0.162564 0.0364107 -0.0371169 -0.394063 0.312422 0.00688316 -0.0453638
0.184077 -0.206938 0.0360482 -0.0367474 -0.387179 0.267058 0.0426657 0.0133321
0.328377 -0.354036 -0.0356893 0.0363815 -0.344514 0.28039 0.218856 -0.0639376
-0.026915 0.00814626 -0.035334 0.0360194 -0.125657 0.216452 -0.01107 -0.0570882
-0.37867 0.366723 -0.0349823 0.0356608 -0.136727 0.159364 -0.090502 -0.011196
-0.170276 0.225467 0.034634 -0.0353058 -0.227229 0.148168 0.0229714 0.0210655
0.17451 -0.126006 0.0342893 -0.0349543 -0.204258 0.169234 0.0262889 0.00757083
0.379868 -0.473981 -0.0339479 -0.0346063 -0.177969 0.176805 0.0245052 -0.0344596
0.0419127 -0.129471 -0.0336099 0.0342618 -0.153464 0.142345 0.0054729 -0.00940129
-0.446842 0.187601 -0.0618419 0.0189662 -0.147991 0.132944 -0.0157004 -0.0423308
0.168801 0.376411 0.0612263 0.0187774 -0.163691 0.0906129 0.0155387 0.0371701
0.0483625 0.376879 -0.0606168 -0.0185904 -0.148153 0.127783 -0.00145137 0.0609477
-0.314671 0.191809 0.0600133 -0.0184054 -0.149604 0.188731 0.0196277 0.0442961
0.282769 0.00858138 0.0594159 -0.0182221 -0.129977 0.233027 0.0433865 0.00414796
-0.0711786 -0.172822 -0.0588244 -0.0180407 -0.08659 0.237175 -0.00658756 -0.106187
-0.189705 -0.35242 0.0582388 -0.0178611 -0.0931775 0.130988 0.0266861 0.00306731
0.390069 -0.423917 0.057659 0.0176833 -0.0664915 0.134055 0.131209 0.0256806
-0.0686153 -0.247877 -0.057085 0.0175073 0.0647177 0.159736 -0.032933 0.040432
-0.183637 -0.0735903 0.0565167 0.017333 0.0317847 0.200168 -0.0716522 0.0338927
0.378994 0.0989618 0.0559541 0.0171604 -0.0398675 0.23406 0.0102761 -8.3389e-005
-0.0661278 0.269796 -0.0553971 0.0169896 -0.0295914 0.233977 0.0895453 0.00488794
-0.28788 0.43893 0.0548456 0.0168205 0.0599539 0.238865 -0.000790361 0.0036489
0.258115 0.338728 0.0542996 -0.016653 0.0591636 0.242514 -0.0377788 0.00215098
0.0430278 0.172945 -0.053759 -0.0164872 0.0213848 0.244665 -0.0330253 -0.0167433
-0.385596 0.00881269 0.0532239 -0.0163231 -0.0116406 0.227922 0.0165404 -0.0936806
0.144254 -0.153686 0.052694 -0.0161606 0.0048998 0.134241 0.0294655 -0.0308412
0.145566 -0.314567 -0.0521694 -0.0159997 0.0343653 0.1034 0.0400781 0.00602367
-0.373787 -0.473846 -0.0516501 -0.0158405 0.0744434 0.109423 0.00694271 0.00476691
-0.250739 -0.179939 -0.0112618 0.00232661 0.0813861 0.11419 0.071629 0.00846108
-0.362852 -0.156777 -0.0111496 0.00230344 0.153015 0.122651 0.00968479 0.0462774
-0.429627 -0.133846 0.0110387 0.00228051 0.1627 0.168929 -0.163402 0.0359145
-0.319736 -0.111143 0.0109288 0.00225781 -0.000702104 0.204843 -0.00570753 0.0109406
-0.210939 -0.0886666 0.01082 0.00223533 -0.00640964 0.215784 0.0946275 -0.0374952
-0.103225 -0.0664135 0.0107122 0.00221308 0.0882179 0.178289 0.0332449 0.0118774
0.00341718 -0.0443821 0.0106056 0.00219105 0.121463 0.190166 0.0452614 0.0164707
0.108997 -0.0225699 0.0105 0.00216924 0.166724 0.206637 0.0768237 -0.000814932
0.213526 -0.000974908 0.0103955 0.00214764 0.243548 0.205822 0.00822546 -0.00546057
0.317015 0.0204051 0.010292 0.00212626 0.251773 0.200361 0.0644958 -0.0746587
0.419473 0.0415723 0.0101896 0.00210509 0.316269 0.125703 0.0524141 -0.0386637
0.37802 0.0547149 -0.00664231 -0.001135 0.368683 0.0870388 -0 -0
0.311895 0.0434158 -0.00657618 -0.00112371 0.368683 0.0870388 -0 -0
0.246428 0.0322292 -0.00651072 -0.00111252 0.368683 0.0870388 -0.161383 0.0731845
0.181613 0.021154 -0.0064459 -0.00110144 0.2073 0.160223 -0.0524407 -0.0228434
0.117443 0.010189 -0.00638173 -0.00109048 0.154859 0.13738 -0.0422847 -0.0932954
0.0539122 -0.00066688 -0.0063182 -0.00107962 0.112575 0.0440845 -0 -0
-0.00898623 -0.0114147 -0.0062553 -0.00106887 0.112575 0.0440845 -0.109991 0.0492427
-0.0712585 -0.0220554 -0.00619303 -0.00105823 0.00258396 0.0933272 -0.0553103 0.0627254
-0.132911 -0.0325903 -0.00613138 -0.0010477 -0.0527263 0.156053 -0.0438496 0.0141869
-0.193949 -0.0430202 -0.00607034 -0.00103727 -0.096576 0.17024 -0 -0
-0.25438 -0.0533464 -0.00600991 -0.00102694 -0.096576 0.17024 -0.00246647 0.0110441
-0.31421 -0.0635697 -0.00595008 -0.00101672 -0.0990424 0.181284 -0.00165576 0.0034743
-0.373444 -0.0736913 -0.00589085 -0.0010066 -0.100698 0.184758 -0 -0
-0.432088 -0.0837121 -0.0058322 -0.000996577 -0.100698 0.184758 -0.00341367 0.00386048
-0.420615 -0.0936331 0.00577414 -0.000986656 -0.104112 0.188618 -0.00508918 0.00171635
-0.363133 -0.103455 0.00571666 -0.000976834 -0.109201 0.190335 0.00675545 -0.0313233
-0.306223 -0.11318 0.00565975 -0.00096711 -0.102446 0.159011 0.0779398 -0.0392518
-0.249879 -0.122808 0.00560341 -0.000957482 -0.0245058 0.11976 0.0159472 -0.00731567
-0.194097 -0.132339 0.00554762 -0.00094795 -0.00855853 0.112444 0.0368121 -0.0152825
-0.138869 -0.141776 0.0054924 -0.000938513 0.0282536 0.0971616 0.0246823 -0.00297992
-0.084192 -0.151119 0.00543772 -0.00092917 0.0529358 0.0941816 0.0422752 -0.00039249
-0.0300588 -0.160369 0.00538359 -0.00091992 0.0952111 0.0937892 0.0391926 -5.34539e-005
0.0235354 -0.169527 0.00532999 -0.000910762 0.134404 0.0937357 0.0287173 -5.7514e-006
0.0765961 -0.178594 0.00527693 -0.000901695 0.163121 0.09373 0.0254288 1.07863e-006
0.129129 -0.187571 0.0052244 -0.000892719 0.18855 0.093731 0.0243576 -1.96163e-006
0.181138 -0.196458 0.00517239 -0.000883832 0.212907 0.0937291 0.0356025 3.72079e-007
0.23263 -0.205256 0.0051209 -0.000875033 0.24851 0.0937294 0.0392404 1.90237e-006
0.283609 -0.213967 0.00506992 -0.000866322 0.28775 0.0937313 0.0156593 -1.98817e-006
0.334081 -0.222592 0.00501945 -0.000857698 0.30341 0.0937294 0.0159353 0.00544095
-0.0106011 -0.0448626 -0.0143144 0.0043232 0.319345 0.0991703 0.00781691 0.0094018
-0.153103 -0.00182471 -0.0141719 0.00428016 0.327162 0.108572 -0.0313483 0.0174169
-0.294186 0.0407848 -0.0140308 0.00423755 0.295813 0.125989 -0.265512 0.05568
-0.433864 0.0829701 -0.0138911 0.00419536 0.0303019 0.181669 -0.0394465 0.0239608
-0.323358 0.124735 0.0137528 0.0041536 -0.00914467 0.20563 0.0158052 0.0255995
-0.186447 0.166085 0.0136159 0.00411225 0.00666057 0.231229 0.0226364 0.0260467
-0.0508989 0.207023 0.0134804 0.00407131 0.0292969 0.257276 -0.000703389 -0.0136489
0.134669 0.24715 0.0243578 0.0023922 0.0285936 0.243627 -0.012032 -0.123998
0.377154 0.270965 0.0241154 0.00236838 0.0165616 0.119629 -0.00493368 0.01503
0.28163 0.294542 -0.0238753 0.00234481 0.0116279 0.134659 -0.00887933 0.19492
0.0230457 0.319058 -0.0202271 0.00158719 0.00274858 0.329579 -0.00121721 0.0417286
-0.178318 0.334859 -0.0200258 0.00157139 0.00153137 0.371307 0.0059298 0.0157892
-0.377677 0.350502 -0.0198264 0.00155575 0.00746117 0.387097 0.00567305 0.000564148
-0.338676 0.36599 0.019629 0.00154026 0.0131342 0.387661 9.70522e-005 -0.00154189
-0.143267 0.381323 0.0194336 0.00152493 0.0132313 0.386119 0.00114617 -0.00149084
-0.0622495 0.403036 0.000470192 0.002161 0.0143774 0.384628 -0.00754766 0.0037964
-0.0575686 0.42455 0.000465511 0.00213949 0.00682979 0.388424 -0.00132078 0.000485118
-0.0529344 0.445848 0.000460877 0.00211819 0.00550901 0.38891 0.0158224 0.00874306
-0.0483463 0.466935 0.000456289 0.00209711 0.0213314 0.397653 0.000626854 0.0276783
-0 0.166667 -0 -0 0.0219583 0.425331 -0.0051904 0.0201984
-0 0.166667 -0 -0 0.0167679 0.445529 -0.00129211 -0.0132215
-0 0.166667 -0 -0 0.0154758 0.432308 -0.000356013 -0.104281
-0 0.166667 -0 -0 0.0151198 0.328026 -0.067109 -0.0450282
-0 0.166667 -0 -0 -0.0519892 0.282998 -0.0104685 -0.011784
-0 0.166667 -0 -0 -0.0624577 0.271214 0.00831357 -0.039939
-0 0.166667 -0 -0 -0.0541442 0.231275 0.213387 -0.161442
0.0211132 0.0413474 0.00259477 -0.0154015 0.159243 0.0698337 0.00407163 -0.0188016
0.0469445 -0.111976 0.00256894 -0.0152482 0.163315 0.0510321 -0.0738942 0.0974568
0.0725186 -0.263774 0.00254337 -0.0150964 0.0894204 0.148489 -0.0930701 0.0498892
0.0978381 -0.41406 0.00251805 -0.0149461 -0.00364973 0.198378 -0.0108855 0.00521463
0.122906 -0.384659 0.00249298 0.0147973 -0.0145353 0.203593 0.0340847 0.0212136
0.147724 -0.23735 0.00246816 0.01465 0.0195494 0.224806 0.0355409 0.0619061
0.172294 -0.091508 0.00244359 0.0145041 0.0550904 0.286712 0.0176436 0.0311274
0.196621 0.0528825 0.00241927 0.0143598 0.072734 0.31784 0.0291778 0.0145172
0.220705 0.195836 0.00239518 0.0142168 0.101912 0.332357 0.122582 -0.065392
0.248527 0.352809 0.00270204 0.0140509 0.224494 0.266965 0.189186 -0.083457
0.275426 0.464838 0.00267514 -0.0139111 0.413679 0.183508 -0.200417 0.0110537
0.302057 0.326352 0.0026485 -0.0137726 0.213262 0.194562 -0.101605 0.0627543
0.328424 0.189244 0.00262214 -0.0136355 0.111657 0.257316 0.0134392 -0.0254627
0.354527 0.0535011 0.00259603 -0.0134997 0.125096 0.231853 0.0516359 -0.0356733
0.304813 -0.057229 0.0133244 0.0087289 0.176732 0.19618 -0 -0
0.437458 0.0296682 0.0131917 0.008642 0.176732 0.19618 0.0578796 -0.0225727
0.332517 0.1157 -0.0130604 0.00855597 0.234612 0.173607 -0.132671 0.10043
0.202499 0.200876 -0.0129304 0.00847079 0.101941 0.274037 0.0359189 -0.0211857
0.0214087 0.214967 -0.0198821 -0.00701843 0.13786 0.252851 0.0102831 -0.0217664
-0.17652 0.145098 -0.0196841 -0.00694856 0.148143 0.231085 -0.0343325 0.0205763
-0.372478 0.0759238 -0.0194882 -0.00687939 0.11381 0.251661 -0.00501816 0.010962
-0.334142 0.00743871 0.0192942 -0.0068109 0.108792 0.262623 0.00123965 0.00563545
-0.142066 -0.0603646 0.0191021 -0.0067431 0.110032 0.268258 0.00161755 0.000366212
0.0480973 -0.127493 0.0189119 -0.00667597 0.111649 0.268625 -0.00802668 -0.048503
0.236368 -0.193953 0.0187237 -0.00660951 0.103623 0.220122 -0.0155061 -0.0251924
0.422764 -0.259751 0.0185373 -0.00654371 0.0881166 0.194929 -0.0195331 -0.019871
0.275298 -0.324895 -0.0183527 -0.00647857 0.0685835 0.175058 -0.109197 0.00633413
0.0925945 -0.38939 -0.01817 -0.00641407 -0.0406133 0.181392 -0.15161 -0.0291422
-0.0882904 -0.453243 -0.0179891 -0.00635022 -0.192224 0.15225 0.0037977 -0.0351141
-0.267375 -0.440751 -0.0178101 0.006287 -0.188426 0.117136 -0 -0
-0.444676 -0.378163 -0.0176328 0.00622441 -0.188426 0.117136 -0.00238792 -0.0235251
-0.26914 -0.316198 0.0174572 0.00616245 -0.190814 0.0936111 0.07256 0.0195687
-0.0953508 -0.254851 0.0172834 0.0061011 -0.118254 0.11318 0.161802 0.0803987
0.0767079 -0.194113 0.0171114 0.00604036 0.0435478 0.193579 0.013245 0.0343272
0.247054 -0.133981 0.016941 0.00598023 0.0567927 0.227906 -0.018583 0.0216522
0.415704 -0.0744468 0.0167724 0.0059207 0.0382097 0.249558 -0.0378302 0.0127541
0.315789 -0.0155056 -0.0166054 0.00586176 0.000379475 0.262312 -0.0296683 -0.00746144
0.15048 0.0428489 -0.0164401 0.0058034 -0.0292888 0.254851 -0.026744 -0.0360344
-0.0131834 0.100622 -0.0162764 0.00574563 -0.0560328 0.218816 -0.0447554 -0.132652
-0.210375 0.142587 -0.0186389 0.00213658 -0.100788 0.0861644 -0.0244329 -0.0371442
-0.395928 0.163857 -0.0184533 0.00211531 -0.125221 0.0490202 0.0827225 0.0314099
-0.322832 0.184915 0.0182696 0.00209425 -0.0424985 0.0804301 0.0502424 0.155523
-0.140955 0.205764 0.0180878 0.0020734 0.00774391 0.235953 0.00114494 0.0513004
0.0391104 0.226405 0.0179077 0.00205276 0.00888885 0.287254 0.0688224 -0.0541484
0.217384 0.24684 0.0177294 0.00203232 0.0777113 0.233105 -0 -0
0.393882 0.267072 0.0175529 0.00201209 0.0777113 0.233105 -0.126075 0.0155749
0.324353 0.287103 -0.0173782 0.00199206 -0.0483639 0.24868 0.0885198 0.158914
0.151351 0.306934 -0.0172052 0.00197223 0.0401559 0.407594 0.0264775 -0.163079
-0.0199286 0.326568 -0.0170339 0.0019526 0.0666334 0.244515 -0.0116099 -0.0713317
-0.189503 0.346006 -0.0168643 0.00193316 0.0550235 0.173183 0.0423859 0.133965
-0.357389 0.365251 -0.0166964 0.00191391 0.0974094 0.307149 -0.0475062 0.110068
-0.391031 0.384304 0.0165302 0.00189486 0.0499033 0.417216 -0.00806865 0.0164222
-0.226471 0.403168 0.0163657 0.001876 0.0418346 0.433639 -0.00362143 0.00988782
-0.063549 0.421843 0.0162027 0.00185732 0.0382132 0.443526 -0.0106164 0.000322466
0.0261033 0.0211179 -0.0243386 0.00475222 0.0275967 0.443849 -0.0640021 -0.112782
-0.21619 0.0684268 -0.0240963 0.00470491 -0.0364053 0.331067 0.00192964 -0.0282463
-0.456072 0.115265 -0.0238564 0.00465807 -0.0344757 0.302821 -0.000462993 -0.00806337
-0.218578 0.161636 0.0236189 0.0046117 -0.0349387 0.294757 0.051341 0.021548
0.0165509 0.207546 0.0233838 0.00456579 0.0164023 0.316305 0.263185 -0.248552
0.249339 0.252999 0.023151 0.00452033 0.279587 0.0677533 -0.00491802 -0.00328613
0.433924 0.298 -0.0229205 0.00447533 0.274669 0.0644671 -0.14364 0.146266
0.205747 0.342552 -0.0226924 0.00443078 0.131029 0.210733 -0.0575047 0.173313
0.100306 0.379712 0.00125263 0.00241879 0.0735245 0.384046 -0.0124835 0.0310142
0.128012 0.402088 0.0034483 0.0016564 0.061041 0.41506 -0.00144272 0.00551733
0.16234 0.418577 0.00341397 0.00163991 0.0595982 0.420577 0.0272784 0.0136129
0.196326 0.434903 0.00337998 0.00162359 0.0868766 0.43419 0.022887 0.0096107
0.229975 0.451066 0.00334634 0.00160742 0.109764 0.443801 0.0209418 0.011743
0.263288 0.467068 0.00331302 0.00159142 0.130705 0.455544 0.033247 0.0108238
0.296269 0.482911 0.00328004 0.00157558 0.163952 0.466368 0.0307101 0.00503563
0.328923 0.467226 0.00324739 -0.00155989 0.194663 0.471403 0.0129028 0.00539168
0.361251 0.451697 0.00321506 -0.00154436 0.207565 0.476795 0.0466536 -0.00451676
0.393257 0.436323 0.00318305 -0.00152899 0.254219 0.472278 0.0130352 -0.00474207
0.424945 0.421101 0.00315137 -0.00151377 0.267254 0.467536 0.116924 -0.0570431
0.409228 0.401474 -0.0453872 -0.00243364 0.384178 0.410493 0.0698726 -0.0766622
-0.0426073 0.377247 -0.0449354 -0.00240942 0.454051 0.333831 -0.101922 -0.05198
-0.400879 0.353261 0.0444881 -0.00238543 0.352129 0.281851 -0.11782 0.0717787
0.0420046 0.329514 0.0440452 -0.00236168 0.234309 0.35363 0.09253 -0.0841384
0.393179 0.306003 -0.0436067 -0.00233817 0.326839 0.269491 -0 -0
-0.040931 0.282726 -0.0431726 -0.00231489 0.326839 0.269491 -0 -0
-0.385148 0.259681 0.0427428 -0.00229185 0.326839 0.269491 0.0212925 -0.0887159